0.73
1.02
1.26
2.85
6.86
6.88
8.36
10.79
13.00
13.10
13.39
16.13
16.92
17.52
19.26
19.41
19.92
20.40
22.06
22.06
24.90
26.02
26.92
27.71
28.63
32.61
34.19
34.93
36.09
36.83
37.11
39.57
39.70
40.51
42.49
43.59
46.89
48.41
48.63
50.59
50.62
51.97
54.11
54.89
55.51
59.04
60.71
61.32
61.37
62.29
63.08
64.89
65.61
66.14
66.38
68.16
70.14
70.85
71.58
71.98
74.62
74.87
75.37
76.54
79.03
79.05
79.59
80.46
81.02
81.27
82.37
84.03
86.11
87.50
91.47
91.55
91.85
91.87
92.58
93.25
93.93
93.95
94.62
95.28
95.68
96.92
98.38
99.01
99.93
100.37
102.04
102.30
102.45
103.02
104.54
105.41
105.48
105.75
106.71
107.85
110.60
110.96
111.13
114.20
114.88
116.10
117.43
117.87
118.29
118.31
120.50
120.69
121.12
121.39
122.68
123.77
123.96
124.24
124.32
124.72
125.64
129.66
129.71
130.15
130.33
131.51
131.84
132.80
134.05
134.40
134.58
134.84
135.08
137.41
138.01
139.30
140.75
142.90
143.91
144.75
146.18
149.40
150.76
152.89
153.80
155.99
157.90
159.58
160.96
162.82
163.23
163.30
167.83
168.40
168.45
168.48
168.75
171.38
171.95
171.97
171.99
171.99
174.38
177.16
181.54
182.37
182.56
182.78
183.38
183.52
183.81
184.47
185.72
187.34
188.38
191.67
192.81
193.28
194.21
195.36
195.84
196.19
196.21
197.23
197.77
197.79
198.05
198.79
199.74
200.69
202.16
202.47
203.36
204.45
204.50
205.47
206.87
207.63
208.58
208.99
210.36
210.73
212.46
212.83
212.89
212.99
214.78
215.63
216.66
216.81
217.64
218.33
218.74
220.46
223.44
224.53
225.06
225.20
226.98
227.19
229.42
230.02
230.03
231.31
231.41
232.66
232.93
233.43
233.55
233.59
234.08
234.60
236.73
237.54
240.85
240.95
242.40
242.53
243.54
243.80
244.85
246.16
248.31
249.26
250.60
250.81
251.25
251.61
252.33
252.35
254.32
254.38
254.50
255.81
261.53
261.61
261.99
263.97
264.79
265.05
267.62
268.12
268.15
269.52
270.08
270.62
270.74
271.80
272.88
274.07
275.01
276.83
279.35
284.40
284.80
285.67
285.85
291.51
292.74
293.83
294.88
296.33
296.67
297.35
297.48
297.51
298.12
298.35
298.69
299.13
299.59
300.23
300.87
301.41
301.62
301.91
302.07
303.86
303.99
304.10
305.11
306.47
306.52
312.22
312.37
313.20
313.75
314.63
315.41
315.72
316.91
317.33
317.97
318.09
318.21
319.74
319.78
321.56
321.61
322.20
322.58
322.97
329.30
330.14
330.43
331.31
331.54
331.94
332.74
333.24
334.36
334.41
335.05
336.64
338.84
339.11
339.19
339.61
339.81
340.72
340.86
341.86
342.62
343.50
343.60
345.88
348.55
348.64
349.64
350.04
350.83
351.83
352.24
352.77
353.28
353.96
354.45
356.51
356.67
357.56
358.39
359.09
360.00
360.83
363.73
363.86
366.19
366.53
366.75
368.76
369.64
372.83
373.42
375.76
376.37
377.35
378.61
380.64
381.53
382.58
382.66
384.02
385.48
385.70
386.38
388.08
389.04
390.48
391.88
392.95
394.60
395.98
402.21
405.73
408.78
409.99
410.14
410.86
411.40
411.59
411.95
411.97
412.19
412.38
413.56
414.35
414.97
415.32
417.17
418.50
422.27
422.41
422.43
423.39
423.72
424.84
425.06
425.85
426.93
427.12
433.49
434.47
434.57
434.67
435.14
435.32
436.09
436.28
436.73
437.16
437.71
438.40
439.10
440.32
441.50
443.05
443.57
444.81
445.38
445.51
446.34
450.49
451.25
452.02
452.56
452.64
455.59
456.27
456.60
456.97
457.30
457.81
459.08
464.87
467.12
467.73
468.59
468.95
469.38
472.19
472.58
474.02
474.04
474.77
475.99
476.14
476.22
479.37
479.75
480.94
482.58
483.73
485.13
487.10
487.35
487.46
488.66
489.92
491.20
492.03
492.10
493.77
493.79
496.44
498.31
499.10
501.29
501.70
502.09
502.77
503.17
504.15
504.86
505.06
506.21
508.54
509.41
509.82
510.34
512.08
512.98
513.69
515.42
515.96
515.97
516.83
518.60
518.72
519.86
520.00
523.21
524.61
525.31
525.99
526.02
526.67
526.73
528.06
528.18
528.37
531.43
531.57
532.38
533.51
534.77
535.17
535.44
535.62
536.14
538.13
538.68
539.41
540.09
540.87
543.20
544.10
544.15
544.99
547.48
548.09
549.10
549.17
549.65
549.87
550.45
552.63
553.45
554.05
554.06
554.41
555.78
556.14
558.35
558.81
558.85
559.44
559.62
561.54
562.31
562.76
564.91
567.39
568.83
569.43
569.88
569.95
570.50
570.56
570.87
572.68
575.03
576.52
576.67
579.05
579.13
579.45
582.34
584.21
584.53
585.28
588.10
589.04
589.70
591.76
591.91
593.62
594.64
595.88
597.80
599.23
600.03
600.49
600.70
601.80
602.81
602.83
603.62
603.88
605.19
612.83
613.30
613.92
614.41
616.03
616.73
618.66
626.77
628.21
630.28
630.54
632.78
635.66
636.33
637.08
638.92
639.82
641.29
641.61
641.69
641.79
642.97
646.39
647.59
648.05
651.24
652.57
653.02
654.75
655.21
655.33
655.68
656.72
657.31
657.64
658.57
658.67
659.38
659.45
659.86
660.57
662.33
665.03
666.86
668.86
669.79
670.34
670.64
670.90
671.43
673.27
674.47
677.09
677.33
677.95
679.06
679.67
681.27
682.18
682.23
682.84
683.01
684.57
685.34
686.49
686.66
687.56
688.23
689.64
690.34
693.84
693.87
693.97
695.95
696.27
696.50
696.59
697.10
698.00
698.40
698.95
698.97
699.29
700.67
701.12
701.32
701.80
702.51
702.80
703.00
703.92
704.44
705.01
706.76
707.99
711.94
712.47
714.10
716.86
717.04
717.21
719.62
720.02
720.13
721.10
721.18
722.60
723.94
727.09
729.00
729.32
729.82
730.94
731.20
731.22
731.33
733.04
733.90
734.44
734.50
734.56
735.68
736.02
736.19
737.36
738.32
738.87
739.52
740.71
740.74
744.67
748.64
749.25
749.90
750.17
750.52
754.21
755.91
755.98
756.25
756.86
758.68
759.23
759.36
762.90
763.25
763.28
764.31
767.46
767.88
768.53
769.50
770.61
772.73
773.39
773.60
777.15
777.76
778.79
778.92
780.07
780.21
780.21
781.51
781.77
783.83
785.22
789.46
790.85
792.57
793.75
794.30
794.79
795.76
796.19
796.34
797.80
798.30
798.31
802.49
806.07
806.41
806.87
806.89
806.90
807.88
808.73
808.82
809.06
818.66
818.85
820.00
820.18
822.81
824.72
829.11
829.17
830.34
830.70
831.35
831.62
832.49
833.13
833.24
834.83
835.96
836.53
838.28
839.11
841.06
841.58
843.39
843.78
846.08
846.52
850.78
851.13
851.16
851.25
851.65
855.47
856.30
856.78
857.20
857.92
858.35
860.46
861.78
861.98
863.37
863.93
866.68
866.72
868.12
868.32
869.69
870.55
871.16
871.22
872.62
873.47
873.70
873.80
874.28
875.61
877.17
878.94
880.31
880.36
880.40
886.19
887.10
890.03
890.52
892.31
895.67
895.95
896.10
897.12
897.30
899.04
899.75
900.92
902.98
903.56
906.16
906.69
907.40
908.58
911.95
912.57
915.82
916.05
916.21
920.70
921.03
922.60
925.19
925.71
927.82
928.48
929.82
933.91
934.13
934.19
935.36
936.20
939.22
942.40
943.46
944.97
948.55
950.69
950.84
952.58
952.73
953.51
955.25
955.65
955.97
956.20
957.22
958.19
958.84
958.85
959.17
963.29
965.15
966.04
967.44
971.94
972.49
972.82
972.90
975.72
976.46
977.58
978.68
981.21
981.35
982.17
982.30
982.59
983.47
985.60
986.86
987.33
989.32
991.36
993.41
994.06
994.70
995.32
996.03
996.74
997.03
997.23
997.68
1000.54
1000.57
1001.18
1002.35
1003.63
1005.13
1005.21
1006.64
1006.75
1008.12
1009.03
1009.95
1010.33
1010.77
1011.59
1013.03
1013.15
1013.60
1013.68
1014.26
1015.52
1017.14
1020.42
1024.02
1024.17
1024.26
1024.34
1025.49
1025.64
1026.05
1028.00
1028.04
1029.58
1031.07
1032.32
1033.80
1033.94
1037.03
1038.23
1039.13
1041.00
1043.04
1045.99
1048.04
1050.22
1050.27
1050.41
1052.12
1052.65
1052.80
1054.10
1054.35
1055.60
1055.90
1057.00
1058.42
1059.91
1061.46
1062.43
1062.71
1064.94
1066.39
1066.43
1069.08
1070.32
1071.77
1073.01
1073.38
1074.51
1074.80
1075.88
1077.04
1078.54
1079.40
1080.53
1082.26
1082.78
1084.36
1085.03
1085.38
1085.45
1086.24
1086.88
1087.36
1087.63
1089.52
1089.86
1090.02
1090.25
1091.15
1092.19
1092.55
1092.59
1093.83
1094.39
1095.21
1095.41
1096.19
1096.72
1097.82
1099.27
1099.72
1101.68
1102.05
1102.89
1103.87
1103.88
1104.30
1106.95
1108.82
1109.01
1109.14
1112.07
1112.48
1115.37
1115.58
1115.64
1115.74
1115.92
1115.93
1115.99
1116.56
1117.21
1117.41
1117.86
1118.93
1119.69
1120.79
1122.36
1122.39
1123.63
1124.43
1125.64
1126.57
1126.66
1126.69
1127.57
1129.34
1131.03
1131.05
1132.82
1133.26
1135.61
1137.36
1138.45
1138.99
1141.75
1141.82
1142.65
1144.39
1146.02
1147.19
1147.45
1147.99
1149.27
1149.67
1151.16
1152.32
1155.40
1155.93
1157.38
1158.67
1161.90
1162.12
1162.96
1163.62
1164.68
1166.08
1166.23
1166.78
1167.97
1168.95
1170.10
1171.93
1172.15
1172.81
1174.23
1175.20
1176.47
1176.87
1177.00
1179.49
1180.34
1180.44
1181.75
1182.15
1185.04
1185.43
1186.94
1188.93
1189.21
1189.95
1191.01
1192.41
1192.63
1192.77
1193.09
1194.39
1194.56
1196.24
1196.75
1196.99
1197.73
1199.73
1202.40
1205.24
1206.24
1206.58
1206.75
1207.25
1208.08
1210.65
1212.26
1212.51
1212.73
1212.97
1213.01
1213.50
1216.24
1216.25
1216.84
1218.25
1218.43
1223.79
1223.80
1224.21
1225.09
1225.19
1226.22
1226.98
1228.46
1230.28
1231.22
1231.62
1231.76
1232.78
1235.01
1235.33
1236.93
1237.04
1239.32
1239.59
1239.94
1240.21
1241.82
1242.72
1244.56
1244.60
1244.70
1246.05
1246.17
1247.97
1248.02
1251.83
1254.18
1254.70
1254.92
1255.59
1257.16
1258.08
1258.19
1258.98
1259.21
1260.44
1260.98
1260.98
1261.26
1261.63
1262.15
1262.45
1262.84
1262.98
1264.62
1265.62
1266.00
1266.52
1266.74
1267.37
1273.83
1273.94
1274.36
1275.57
1278.49
1278.83
1279.33
1279.74
1279.91
1282.01
1283.49
1284.08
1284.86
1287.78
1291.47
1291.90
1292.49
1293.33
1293.69
1293.92
1294.32
1295.67
1296.73
1298.47
1299.18
1299.46
1301.25
1304.22
1305.32
1306.72
1306.92
1307.74
1308.06
1308.25
1308.31
1308.36
1308.54
1309.26
1309.55
1310.25
1312.29
1314.30
1318.64
1319.80
1320.10
1321.10
1321.15
1321.28
1321.81
1323.07
1323.41
1323.67
1324.33
1324.93
1325.09
1326.14
1326.18
1328.78
1333.07
1333.69
1334.72
1338.28
1341.61
1341.73
1341.82
1342.85
1344.07
1344.21
1344.23
1344.94
1345.66
1346.47
1348.20
1350.00
1350.56
1351.45
1353.16
1353.18
1354.39
1356.45
1357.00
1357.77
1358.21
1359.35
1359.41
1359.91
1360.34
1361.08
1361.83
1362.80
1363.50
1364.72
1365.52
1365.57
1366.85
1366.97
1368.51
1368.81
1370.40
1370.85
1371.86
1371.95
1372.19
1372.30
1373.98
1375.73
1376.83
1377.40
1378.64
1378.84
1380.41
1384.49
1384.92
1385.06
1385.16
1385.72
1386.08
1388.24
1388.43
1388.75
1389.55
1390.62
1391.80
1391.84
1392.55
1393.29
1394.49
1394.82
1395.26
1396.03
1396.10
1397.91
1400.74
1401.94
1403.35
1403.57
1404.61
1405.01
1405.48
1405.70
1405.93
1406.10
1406.40
1406.86
1407.98
1410.05
1411.36
1411.68
1415.42
1416.83
1417.03
1420.76
1425.04
1425.33
1427.00
1428.76
1430.14
1431.74
1434.43
1434.81
1436.27
1436.31
1436.53
1436.99
1440.26
1442.28
1443.31
1443.32
1443.55
1443.70
1443.80
1445.27
1445.76
1445.99
1447.69
1448.13
1450.35
1451.04
1452.20
1452.21
1455.00
1455.18
1455.59
1455.82
1457.59
1459.75
1459.95
1461.15
1461.56
1462.39
1465.33
1467.43
1467.48
1468.60
1469.02
1470.29
1470.39
1472.03
1472.86
1473.50
1474.81
1475.96
1476.89
1478.62
1480.89
1482.60
1483.99
1485.72
1486.01
1486.86
1488.33
1489.27
1489.60
1490.75
1491.04
1491.99
1492.39
1493.93
1495.71
1497.99
1498.00
1498.96
1501.04
1501.51
1502.17
1503.89
1504.63
1505.42
1505.61
1505.83
1506.46
1508.93
1510.75
1513.47
1513.55
1513.61
1514.07
1514.43
1515.28
1516.83
1517.78
1520.43
1520.53
1520.56
1521.21
1521.36
1521.36
1522.71
1522.97
1523.58
1523.72
1523.78
1524.85
1526.11
1526.21
1526.25
1527.40
1527.79
1527.99
1529.41
1532.49
1532.60
1533.28
1533.49
1535.11
1536.39
1536.46
1536.62
1536.65
1537.00
1537.68
1537.87
1539.09
1539.22
1539.37
1540.00
1541.36
1542.91
1543.21
1543.69
1543.85
1543.96
1544.33
1544.71
1545.66
1545.86
1547.98
1550.17
1550.84
1551.20
1553.48
1554.36
1555.03
1556.38
1557.17
1560.98
1562.73
1563.24
1563.30
1563.61
1564.21
1564.51
1564.84
1565.04
1565.93
1566.11
1566.63
1567.22
1567.67
1570.05
1570.58
1571.43
1573.00
1573.04
1573.27
1573.64
1573.67
1575.18
1576.07
1577.51
1579.83
1579.98
1580.12
1580.68
1580.90
1581.42
1582.73
1583.37
1583.86
1587.60
1587.71
1588.09
1588.79
1589.15
1589.59
1589.61
1589.91
1590.24
1591.29
1591.61
1591.91
1594.21
1595.55
1597.13
1597.57
1600.01
1607.18
1608.23
1610.32
1611.41
1614.82
1614.82
1615.64
1616.95
1617.17
1618.81
1619.49
1619.53
1619.66
1620.02
1623.07
1626.04
1626.64
1627.43
1628.09
1628.72
1628.79
1629.35
1629.75
1630.05
1631.04
1631.23
1632.01
1633.81
1634.21
1637.65
1638.43
1638.58
1641.97
1644.37
1645.87
1646.41
1648.01
1649.59
1651.50
1651.65
1651.93
1653.10
1653.14
1653.56
1654.36
1654.48
1654.87
1655.01
1656.35
1657.73
1660.40
1660.44
1661.71
1663.46
1664.11
1664.16
1666.75
1669.37
1669.53
1669.75
1670.23
1670.28
1671.72
1671.76
1673.07
1673.26
1673.31
1674.24
1675.95
1680.43
1681.18
1684.26
1684.69
1687.07
1688.06
1688.30
1689.18
1689.83
1689.85
1690.68
1691.10
1692.94
1693.41
1694.23
1695.67
1695.98
1696.12
1698.59
1699.11
1699.80
1700.48
1700.84
1702.55
1704.07
1704.53
1704.59
1704.84
1706.58
1706.69
1709.75
1710.15
1710.60
1712.22
1712.24
1715.83
1715.91
1717.19
1717.25
1717.41
1718.62
1720.69
1721.38
1722.27
1723.83
1724.22
1724.59
1725.58
1726.23
1728.63
1732.95
1733.02
1735.61
1736.49
1737.28
1737.53
1738.16
1738.48
1739.34
1739.38
1739.41
1739.70
1742.14
1743.82
1743.97
1744.35
1745.35
1745.60
1746.97
1747.72
1748.62
1749.75
1749.89
1750.17
1753.66
1753.83
1755.86
1756.11
1756.35
1756.49
1756.54
1756.55
1757.42
1758.46
1759.98
1760.55
1761.22
1761.62
1763.76
1763.96
1764.15
1764.66
1764.75
1766.10
1766.53
1767.07
1770.38
1770.50
1772.04
1773.85
1774.10
1774.16
1775.25
1775.79
1776.96
1778.67
1779.26
1779.41
1780.72
1781.71
1781.81
1782.82
1782.83
1783.09
1783.17
1783.19
1783.71
1783.72
1785.82
1785.93
1786.35
1787.04
1787.85
1788.00
1790.01
1790.06
1790.92
1791.16
1791.22
1792.88
1794.18
1795.68
1797.53
1797.63
1797.65
1797.91
1798.92
1799.55
1802.25
1802.68
1803.44
1803.46
1803.64
1804.41
1807.35
1808.46
1809.19
1810.31
1811.31
1811.91
1814.28
1814.55
1814.57
1814.90
1815.38
1816.65
1817.02
1817.95
1818.08
1818.32
1819.13
1819.35
1820.05
1820.94
1822.92
1823.16
1823.29
1824.49
1824.88
1825.26
1826.04
1827.22
1827.34
1827.93
1829.64
1829.77
1830.32
1831.23
1832.94
1834.55
1834.61
1836.56
1836.66
1838.29
1838.38
1838.89
1839.83
1840.64
1844.91
1850.05
1850.86
1852.10
1852.47
1852.54
1852.71
1854.91
1855.27
1855.80
1858.52
1861.18
1861.26
1861.64
1862.27
1863.04
1863.50
1865.12
1865.42
1865.83
1866.44
1866.64
1868.09
1868.88
1869.50
1870.81
1871.00
1871.31
1871.54
1875.26
1876.39
1877.84
1878.35
1878.55
1880.36
1882.19
1882.81
1883.33
1883.91
1884.16
1886.93
1889.17
1891.05
1895.01
1895.92
1896.50
1896.58
1897.46
1897.73
1898.06
1899.21
1899.34
1899.88
1900.14
1901.14
1901.60
1903.20
1906.22
1907.85
1909.96
1911.33
1911.35
1911.81
1911.88
1912.81
1913.13
1915.61
1916.13
1917.62
1920.70
1921.50
1922.60
1924.73
1925.49
1927.48
1927.72
1928.13
1929.01
1929.67
1930.26
1930.42
1930.54
1931.67
1931.83
1931.90
1931.95
1932.04
1932.94
1935.01
1936.07
1936.08
1936.38
1936.74
1937.06
1937.77
1939.07
1939.70
1942.28
1946.22
1948.09
1948.37
1948.85
1951.33
1951.71
1955.98
1956.15
1956.77
1957.64
1958.22
1958.67
1959.37
1959.66
1961.44
1962.16
1962.49
1966.62
1967.66
1968.07
1968.15
1969.48
1969.78
1970.31
1970.42
1972.03
1972.16
1972.51
1974.12
1974.95
1976.49
1977.48
1977.57
1978.01
1978.14
1978.52
1978.54
1980.69
1981.25
1982.14
1982.17
1982.84
1983.24
1983.38
1984.23
1985.08
1987.30
1987.70
1990.78
1990.95
1991.50
1992.73
1993.59
1993.63
1995.00
1995.10
1997.42
1997.71
1998.23
1999.43
2000.54
2000.94
2001.02
2001.03
2001.85
2003.50
2004.88
2005.49
2007.00
2008.28
2008.52
2008.69
2009.92
2012.52
2013.03
2016.47
2016.63
2016.86
2016.87
2019.15
2020.05
2021.13
2021.20
2022.18
2023.52
2024.09
2024.53
2024.98
2026.08
2027.09
2027.26
2027.82
2030.80
2033.24
2033.76
2035.30
2036.99
2037.30
2037.41
2040.75
2041.64
2041.85
2041.98
2042.15
2043.71
2045.76
2046.34
2048.41
2048.58
2051.42
2051.56
2054.19
2054.75
2054.83
2057.40
2057.92
2059.65
2059.95
2060.13
2060.44
2060.93
2062.03
2063.04
2063.98
2064.96
2067.86
2068.14
2068.20
2068.68
2071.27
2071.91
2072.68
2072.91
2073.12
2073.39
2073.53
2074.01
2074.43
2075.57
2077.46
2079.28
2079.56
2080.67
2081.89
2082.69
2082.70
2084.73
2085.11
2085.77
2087.94
2089.13
2090.35
2090.72
2092.66
2092.72
2094.26
2094.74
2095.38
2095.39
2096.34
2098.19
2099.82
2100.27
2101.37
2101.68
2102.75
2104.22
2104.71
2104.75
2104.78
2106.46
2106.67
2107.26
2108.03
2108.08
2108.64
2109.62
2110.02
2111.07
2112.05
2112.17
2112.38
2112.78
2117.02
2118.01
2121.75
2122.13
2122.96
2124.08
2125.29
2125.54
2126.31
2126.66
2128.99
2130.19
2130.37
2130.42
2130.46
2131.89
2132.18
2132.98
2134.65
2134.98
2136.03
2136.20
2137.28
2138.30
2140.60
2140.65
2141.16
2142.48
2143.12
2143.68
2143.84
2144.39
2145.10
2145.46
2145.56
2145.86
2146.74
2146.91
2147.31
2147.71
2147.94
2148.69
2149.46
2152.51
2153.22
2154.46
2154.58
2155.99
2157.12
2157.88
2158.25
2159.21
2160.57
2161.17
2161.38
2161.40
2162.22
2165.30
2169.51
2170.64
2175.02
2175.18
2175.79
2176.14
2176.18
2177.53
2181.69
2184.29
2184.40
2186.79
2190.48
2191.42
2191.87
2197.07
2197.10
2198.19
2199.25
2201.21
2201.90
2202.56
2204.56
2206.04
2207.00
2207.58
2209.43
2209.61
2210.54
2212.06
2212.26
2214.45
2217.65
2220.91
2221.22
2221.72
2222.89
2223.75
2224.91
2226.50
2226.72
2226.78
2227.42
2227.67
2229.49
2230.04
2233.92
2234.76
2235.49
2235.78
2236.19
2236.92
2238.44
2238.47
2239.82
2242.60
2242.85
2243.23
2243.75
2244.54
2247.53
2248.63
2251.15
2251.47
2251.47
2251.59
2252.33
2252.84
2253.20
2253.51
2254.36
2257.71
2257.85
2259.49
2260.64
2261.60
2263.29
2264.74
2266.68
2266.80
2266.85
2267.30
2267.39
2269.85
2270.65
2270.72
2271.72
2272.74
2273.56
2275.19
2275.76
2275.87
2278.20
2278.71
2279.62
2281.57
2281.63
2284.58
2285.23
2285.25
2289.65
2289.94
2289.95
2290.43
2291.66
2292.99
2293.51
2297.86
2298.94
2300.64
2301.16
2303.17
2305.13
2305.48
2305.66
2307.35
2308.18
2308.35
2308.51
2308.67
2309.70
2311.04
2311.18
2311.92
2313.12
2313.78
2313.95
2314.81
2315.20
2316.06
2316.72
2320.80
2321.47
2323.48
2323.92
2327.50
2327.59
2329.35
2329.36
2329.86
2330.96
2331.55
2332.78
2332.95
2334.23
2334.78
2340.56
2343.67
2345.12
2346.06
2346.11
2346.15
2346.19
2346.46
2346.61
2346.63
2346.77
2349.44
2350.62
2350.96
2351.03
2351.14
2351.75
2351.85
2352.91
2353.57
2355.83
2355.96
2356.17
2356.22
2357.75
2358.47
2359.04
2360.62
2361.18
2364.22
2364.43
2364.54
2365.58
2367.06
2367.08
2367.56
2367.71
2371.68
2374.69
2375.83
2376.09
2377.02
2378.68
2378.78
2379.37
2380.88
2381.33
2382.37
2382.90
2385.63
2387.61
2388.78
2388.94
2389.65
2391.49
2391.87
2392.17
2392.62
2392.91
2393.27
2394.42
2395.10
2395.61
2398.31
2398.74
2399.95
2400.27
2401.66
2404.72
2404.87
2405.36
2407.02
2407.35
2407.65
2409.19
2411.94
2412.24
2413.26
2414.27
2414.96
2416.54
2417.44
2418.16
2418.34
2419.74
2419.83
2420.14
2420.27
2420.81
2421.17
2421.91
2422.57
2422.82
2423.74
2424.53
2426.80
2426.91
2427.19
2429.94
2430.79
2431.09
2431.63
2431.68
2431.83
2431.85
2433.23
2433.83
2434.08
2434.88
2436.02
2437.08
2437.70
2437.85
2438.40
2439.89
2440.07
2440.62
2440.88
2443.18
2444.19
2444.87
2445.59
2446.66
2447.90
2448.77
2449.35
2450.47
2451.16
2453.19
2457.43
2457.96
2458.95
2460.01
2460.14
2460.42
2461.01
2462.21
2462.96
2463.26
2465.14
2466.55
2467.06
2467.92
2468.43
2468.43
2468.44
2469.01
2470.35
2472.18
2472.26
2474.75
2478.86
2480.20
2481.50
2484.43
2485.35
2485.61
2486.35
2486.39
2486.49
2487.37
2489.86
2490.04
2491.96
2494.98
2495.07
2495.82
2497.49
2497.97
2498.36
2499.03
2499.31
2502.40
2502.82
2504.99
2507.18
2507.75
2508.16
2509.08
2511.22
2512.04
2512.08
2513.10
2513.84
2514.27
2515.03
2516.87
2517.26
2517.85
2518.30
2519.96
2520.50
2520.62
2524.51
2525.10
2525.38
2526.64
2526.96
2526.96
2527.27
2527.79
2530.05
2530.45
2531.65
2532.26
2532.50
2533.91
2536.72
2537.43
2539.03
2539.48
2539.88
2540.35
2540.36
2542.70
2545.55
2550.14
2551.77
2552.27
2553.24
2554.27
2554.45
2555.10
2555.14
2556.45
2557.20
2559.90
2560.31
2561.42
2562.32
2562.46
2563.99
2564.03
2564.21
2565.19
2566.01
2566.37
2566.82
2569.84
2570.50
2571.68
2572.24
2573.74
2573.77
2575.84
2575.99
2577.37
2580.19
2581.11
2582.44
2582.73
2582.81
2583.40
2584.93
2587.63
2588.70
2589.07
2589.84
2591.51
2598.23
2599.37
2599.71
2600.76
2601.33
2602.79
2603.45
2603.58
2607.89
2609.01
2610.26
2610.57
2613.23
2613.76
2614.37
2614.56
2614.95
2618.40
2618.49
2620.91
2622.48
2623.54
2625.40
2625.54
2625.82
2626.67
2629.18
2629.71
2631.38
2633.92
2634.45
2636.59
2637.27
2637.47
2637.81
2637.94
2638.90
2640.89
2645.55
2645.57
2646.66
2647.07
2647.40
2649.18
2650.88
2651.30
2651.69
2651.82
2652.27
2653.61
2657.93
2659.78
2660.04
2660.65
2660.90
2661.65
2664.76
2664.77
2665.57
2667.51
2667.86
2668.22
2671.08
2673.28
2673.85
2674.82
2676.09
2676.21
2676.30
2676.31
2676.77
2678.08
2678.18
2678.89
2680.19
2680.97
2681.44
2682.72
2684.71
2685.34
2686.30
2686.32
2686.61
2687.34
2689.72
2692.04
2692.69
2693.13
2693.36
2694.52
2694.89
2695.47
2697.09
2697.17
2697.77
2698.77
2699.64
2701.17
2702.27
2702.69
2702.75
2704.03
2704.38
2707.08
2707.12
2707.98
2708.91
2710.16
2710.57
2711.24
2714.41
2715.71
2716.07
2716.31
2717.43
2717.71
2717.75
2718.16
2718.87
2719.60
2719.79
2721.07
2721.43
2721.89
2723.04
2723.17
2726.66
2729.78
2730.72
2731.12
2731.30
2733.16
2735.90
2736.05
2736.46
2736.91
2737.41
2737.65
2737.91
2738.37
2738.46
2738.49
2739.06
2739.94
2740.59
2741.74
2743.73
2745.47
2747.00
2747.58
2748.97
2749.29
2750.91
2751.20
2751.52
2753.31
2753.59
2753.65
2754.02
2754.22
2755.18
2755.58
2759.10
2759.33
2761.07
2761.08
2762.84
2762.98
2764.31
2765.76
2766.45
2768.01
2770.18
2770.46
2770.68
2771.75
2773.04
2774.45
2777.38
2777.40
2777.59
2780.08
2780.50
2780.83
2781.75
2781.83
2783.05
2784.35
2785.31
2787.27
2789.52
2790.11
2790.77
2791.60
2791.79
2792.12
2792.20
2793.02
2793.06
2793.45
2794.52
2795.37
2797.73
2800.99
2801.48
2801.97
2802.35
2804.36
2805.39
2806.17
2806.41
2806.62
2810.37
2810.86
2811.75
2812.57
2812.78
2816.82
2816.84
2819.60
2821.01
2822.51
2823.45
2825.06
2825.82
2827.62
2828.52
2829.59
2830.01
2830.26
2830.79
2831.58
2832.70
2832.87
2833.10
2834.39
2834.76
2835.08
2835.40
2836.25
2837.13
2838.90
2840.59
2842.79
2844.34
2845.85
2846.02
2848.03
2848.05
2848.58
2849.21
2850.49
2851.80
2853.77
2855.67
2855.94
2857.38
2858.22
2858.78
2860.60
2862.08
2863.27
2863.75
2863.82
2867.32
2868.10
2868.22
2869.00
2870.17
2870.63
2870.64
2871.92
2872.29
2872.54
2873.18
2874.32
2874.88
2875.08
2878.00
2879.26
2880.51
2881.62
2882.31
2882.66
2882.79
2883.49
2883.58
2884.61
2884.62
2884.63
2884.93
2885.06
2885.49
2890.65
2890.82
2891.05
2891.57
2892.56
2894.76
2895.27
2895.31
2896.85
2896.86
2897.43
2899.16
2899.64
2900.01
2900.16
2900.73
2902.35
2904.88
2907.53
2909.04
2909.54
2912.44
2914.38
2917.56
2919.44
2919.61
2920.83
2924.30
2924.56
2924.72
2925.43
2927.61
2929.49
2929.95
2931.24
2931.49
2932.37
2932.41
2932.76
2933.67
2934.62
2935.27
2935.83
2936.44
2936.48
2937.35
2938.42
2938.97
2940.22
2941.64
2942.10
2942.63
2942.90
2943.76
2943.88
2944.81
2945.50
2946.14
2946.89
2949.54
2950.48
2951.17
2951.45
2953.27
2953.64
2955.86
2957.25
2957.48
2959.50
2959.77
2959.80
2959.82
2960.28
2960.36
2960.82
2961.34
2961.64
2962.17
2962.45
2963.74
2963.77
2963.78
2963.82
2964.41
2965.70
2966.18
2966.40
2968.87
2971.27
2973.58
2976.28
2976.61
2978.56
2978.86
2979.03
2979.53
2979.77
2980.28
2980.58
2981.13
2981.45
2983.84
2984.28
2985.87
2987.44
2988.09
2988.94
2989.89
2991.45
2991.70
2993.70
2998.17
2999.32
2999.51
3000.72
3001.77
3002.01
3003.19
3003.69
3006.17
3007.69
3007.71
3009.66
3010.71
3010.79
3011.02
3011.38
3012.43
3014.28
3015.12
3015.57
3017.01
3018.20
3018.27
3018.83
3019.30
3019.70
3020.41
3023.54
3026.73
3026.91
3027.71
3030.34
3032.05
3032.48
3033.01
3034.27
3034.46
3034.48
3037.43
3038.12
3038.16
3038.41
3040.98
3041.94
3042.90
3043.12
3045.51
3045.82
3047.84
3048.03
3048.07
3048.45
3049.31
3049.88
3054.16
3055.52
3055.59
3056.64
3057.22
3057.87
3058.46
3059.52
3063.22
3064.15
3064.63
3065.02
3067.12
3067.58
3067.82
3067.90
3068.66
3068.73
3068.81
3069.50
3071.87
3071.93
3072.70
3072.76
3073.97
3074.40
3075.24
3076.65
3077.10
3077.66
3079.36
3082.12
3083.06
3083.25
3084.40
3084.55
3085.63
3085.77
3086.34
3086.34
3086.59
3090.59
3091.10
3091.75
3091.92
3092.97
3093.84
3094.21
3094.43
3094.50
3095.10
3097.18
3097.58
3097.60
3097.88
3098.54
3098.83
3099.74
3099.84
3100.08
3101.03
3102.56
3102.62
3103.82
3105.51
3106.24
3106.51
3106.67
3107.09
3107.37
3107.83
3108.92
3109.42
3109.48
3109.67
3111.48
3117.84
3117.95
3118.66
3120.33
3120.56
3121.91
3122.49
3122.74
3122.91
3123.71
3124.04
3124.50
3125.33
3126.65
3126.67
3128.33
3130.34
3130.90
3131.13
3134.19
3134.42
3134.52
3135.20
3135.86
3136.14
3136.90
3139.09
3142.04
3142.95
3143.30
3144.79
3144.93
3146.05
3147.18
3147.23
3148.50
3148.56
3149.47
3150.52
3151.90
3151.98
3152.25
3154.21
3156.74
3156.89
3158.06
3159.45
3159.47
3162.08
3163.67
3164.80
3166.34
3167.28
3167.63
3168.04
3168.80
3169.54
3170.27
3171.30
3171.54
3171.97
3172.96
3173.08
3174.68
3175.88
3178.73
3179.11
3179.23
3180.50
3182.82
3183.93
3185.27
3186.39
3188.36
3188.47
3189.66
3190.63
3194.01
3194.22
3195.07
3195.70
3196.13
3197.65
3199.22
3199.57
3199.67
3199.70
3200.13
3200.87
3202.23
3202.28
3203.36
3205.86
3207.89
3208.21
3208.64
3208.79
3213.20
3213.73
3215.12
3215.50
3217.97
3221.16
3221.71
3221.99
3222.00
3222.27
3223.88
3224.00
3224.06
3224.87
3226.10
3226.44
3227.47
3228.79
3229.89
3230.47
3231.34
3231.80
3231.94
3233.13
3233.39
3233.91
3235.15
3237.66
3238.69
3239.31
3239.35
3239.64
3244.95
3246.17
3246.90
3248.48
3250.82
3251.78
3253.11
3255.78
3258.33
3258.41
3259.27
3260.17
3260.17
3260.19
3260.73
3260.75
3260.80
3261.20
3262.57
3263.81
3264.60
3265.70
3266.94
3268.47
3270.59
3271.32
3274.32
3276.66
3277.17
3280.04
3280.46
3280.49
3280.63
3280.85
3281.93
3282.87
3283.13
3283.19
3283.24
3283.29
3283.49
3285.01
3285.66
3286.19
3286.23
3287.95
3288.92
3289.71
3290.02
3290.23
3290.67
3292.74
3296.62
3296.62
3297.84
3301.27
3301.71
3303.80
3304.59
3304.73
3306.61
3306.74
3307.08
3308.98
3311.35
3311.38
3311.83
3312.81
3313.52
3313.80
3318.72
3319.61
3319.79
3319.81
3320.95
3321.12
3321.85
3322.40
3322.45
3324.34
3324.36
3325.23
3327.05
3327.75
3331.09
3331.30
3332.67
3333.31
3333.35
3333.45
3333.73
3334.00
3334.10
3334.68
3335.31
3336.21
3336.49
3338.39
3338.40
3339.11
3339.55
3339.73
3339.87
3341.15
3342.40
3343.62
3344.88
3346.63
3348.25
3348.47
3348.83
3349.27
3349.40
3350.15
3350.77
3350.92
3352.49
3352.71
3352.79
3353.37
3354.29
3354.71
3354.87
3355.14
3356.77
3357.01
3357.84
3357.92
3358.03
3359.57
3360.58
3361.33
3366.88
3368.41
3368.61
3369.67
3369.79
3372.33
3373.97
3374.37
3375.55
3375.87
3376.48
3379.09
3379.64
3380.38
3380.97
3381.04
3381.72
3383.23
3383.73
3384.39
3385.11
3386.55
3387.08
3389.08
3392.06
3392.72
3392.84
3395.35
3395.62
3395.97
3396.15
3398.98
3407.54
3407.83
3407.91
3408.69
3408.72
3410.34
3410.74
3411.84
3412.27
3412.58
3412.68
3412.68
3414.24
3414.55
3414.90
3416.93
3418.28
3420.18
3420.31
3421.67
3421.84
3422.56
3423.56
3425.24
3425.28
3425.43
3426.97
3429.13
3430.78
3431.02
3431.36
3432.05
3433.40
3435.42
3435.81
3435.95
3437.56
3438.26
3439.03
3448.20
3451.08
3452.17
3453.11
3459.01
3459.30
3459.86
3459.99
3461.27
3461.47
3461.52
3461.59
3462.02
3462.37
3462.55
3462.81
3462.96
3465.84
3465.95
3467.38
3467.46
3467.89
3468.75
3469.12
3469.39
3469.48
3469.62
3472.28
3473.17
3473.29
3474.54
3475.20
3475.34
3475.88
3476.71
3476.73
3478.15
3478.75
3480.17
3480.52
3482.01
3482.40
3482.74
3483.11
3484.30
3484.68
3485.30
3486.01
3487.29
3487.78
3488.04
3488.98
3491.29
3492.75
3493.48
3494.93
3495.02
3495.42
3495.66
3496.36
3498.29
3498.29
3500.69
3500.77
3501.17
3501.95
3502.05
3504.02
3504.61
3505.64
3506.61
3508.05
3510.45
3511.14
3512.03
3512.14
3513.25
3514.80
3515.91
3517.01
3517.36
3518.27
3518.61
3522.30
3522.62
3523.26
3523.84
3524.62
3524.92
3528.22
3529.36
3530.27
3531.80
3531.83
3533.00
3533.08
3534.40
3534.54
3535.36
3539.51
3541.15
3542.29
3545.06
3545.93
3546.26
3549.08
3549.11
3551.46
3552.22
3552.54
3552.62
3553.57
3554.55
3555.02
3558.24
3558.36
3559.95
3560.17
3562.29
3563.64
3563.70
3564.37
3565.55
3565.82
3566.00
3566.81
3566.93
3567.27
3567.50
3568.07
3568.57
3569.31
3570.89
3572.10
3574.08
3574.14
3574.21
3574.78
3575.25
3576.44
3577.07
3581.48
3582.26
3582.30
3583.97
3586.28
3589.76
3589.86
3589.95
3590.90
3590.92
3595.72
3595.81
3596.30
3596.55
3598.21
3601.23
3603.02
3603.13
3605.19
3605.70
3605.76
3606.33
3606.36
3607.54
3609.78
3610.86
3611.22
3611.69
3612.83
3613.69
3614.14
3615.81
3617.44
3618.54
3618.66
3618.87
3619.39
3619.45
3620.23
3620.84
3621.23
3621.59
3621.82
3622.37
3624.34
3624.91
3625.39
3625.77
3627.10
3627.55
3628.01
3628.44
3630.23
3631.38
3632.50
3633.23
3633.28
3633.81
3636.62
3636.96
3637.34
3637.59
3637.76
3637.96
3638.86
3642.41
3642.53
3643.14
3644.45
3650.10
3650.52
3650.92
3652.11
3652.34
3652.38
3653.33
3656.09
3658.44
3659.37
3661.25
3661.82
3662.38
3664.53
3664.67
3665.07
3667.07
3668.20
3668.27
3668.73
3668.79
3668.97
3669.65
3669.68
3671.49
3674.79
3675.25
3675.94
3678.55
3679.07
3679.51
3680.03
3681.75
3684.24
3684.94
3685.75
3686.12
3686.95
3688.10
3688.19
3693.81
3694.65
3695.00
3695.87
3696.07
3698.41
3698.88
3699.09
3700.57
3701.21
3704.57
3704.75
3708.25
3710.51
3710.93
3712.32
3714.05
3714.19
3715.28
3716.58
3716.90
3718.55
3721.02
3721.44
3721.71
3722.90
3722.98
3724.10
3724.31
3724.63
3725.25
3726.18
3727.83
3730.60
3730.92
3732.24
3733.37
3734.03
3734.36
3734.44
3735.68
3738.63
3739.62
3739.67
3739.98
3740.29
3740.39
3741.73
3743.30
3744.12
3744.38
3744.75
3745.14
3746.02
3746.77
3748.09
3749.18
3749.31
3750.21
3750.93
3754.76
3754.79
3757.87
3758.46
3758.72
3759.70
3759.85
3760.48
3761.08
3763.70
3764.01
3764.27
3764.86
3768.52
3769.17
3769.24
3769.76
3771.15
3773.64
3774.83
3776.32
3777.92
3783.22
3783.49
3784.11
3784.14
3784.65
3785.13
3785.26
3788.78
3789.18
3789.61
3790.55
3790.59
3791.14
3791.30
3791.33
3791.83
3791.85
3792.61
3793.19
3793.94
3794.70
3795.63
3796.17
3798.38
3798.40
3798.86
3799.89
3799.99
3800.46
3800.57
3803.14
3804.11
3804.98
3805.52
3805.93
3806.08
3806.62
3806.78
3806.94
3808.98
3809.74
3811.20
3812.77
3813.82
3814.92
3816.20
3816.90
3817.78
3819.90
3820.26
3820.92
3822.58
3822.84
3825.39
3825.45
3825.52
3827.58
3827.62
3828.34
3828.59
3829.63
3829.95
3830.63
3830.86
3831.76
3832.17
3834.48
3834.80
3835.78
3840.29
3841.11
3841.69
3844.73
3845.41
3848.98
3849.46
3850.34
3850.93
3851.44
3852.36
3852.86
3853.17
3853.90
3854.01
3854.07
3854.90
3855.33
3855.37
3855.47
3855.65
3856.25
3858.13
3860.19
3860.59
3862.50
3865.88
3866.58
3866.98
3867.35
3868.29
3868.51
3869.99
3870.19
3872.79
3872.83
3874.59
3876.39
3876.58
3877.02
3881.83
3882.98
3884.76
3884.99
3885.69
3886.51
3886.52
3887.40
3887.82
3888.06
3889.82
3890.41
3892.49
3894.41
3898.09
3899.01
3900.63
3903.99
3905.03
3905.31
3906.11
3907.00
3908.40
3909.20
3909.86
3910.71
3911.20
3911.57
3912.02
3912.12
3913.57
3913.94
3914.36
3915.33
3916.94
3919.28
3920.83
3920.98
3921.97
3922.09
3922.38
3923.65
3924.51
3925.06
3925.35
3925.49
3925.50
3925.64
3926.15
3926.49
3926.90
3927.51
3927.55
3929.80
3929.87
3930.57
3932.02
3932.79
3935.13
3936.72
3936.91
3939.19
3939.80
3941.17
3941.79
3943.01
3947.01
3947.32
3948.34
3948.84
3949.01
3949.80
3950.97
3951.04
3951.08
3951.39
3952.11
3952.70
3953.16
3954.17
3956.77
3956.86
3958.24
3960.03
3961.43
3961.53
3962.73
3963.16
3963.16
3964.05
3965.01
3967.15
3969.16
3969.36
3970.19
3971.24
3971.39
3971.69
3971.85
3974.46
3974.93
3974.95
3975.32
3975.34
3976.14
3976.56
3979.67
3980.22
3981.30
3981.82
3984.07
3984.25
3986.31
3987.03
3987.22
3987.75
3988.59
3990.75
3991.03
3991.38
3992.64
3995.84
3996.42
3997.20
3997.90
3998.33
3998.47
3998.73
3999.24
3999.73
4002.22
4003.15
4006.22
4006.54
4006.93
4007.38
4008.06
4008.49
4010.04
4010.80
4013.91
4014.46
4014.99
4017.46
4017.56
4017.58
4018.87
4019.50
4020.73
4021.85
4022.67
4023.41
4024.72
4024.75
4026.15
4026.16
4026.68
4027.77
4028.56
4029.03
4029.26
4030.68
4030.76
4032.00
4032.80
4033.84
4035.38
4035.76
4036.49
4037.18
4037.59
4037.81
4039.01
4040.77
4041.31
4041.97
4042.50
4043.94
4048.34
4050.02
4050.84
4050.94
4053.87
4057.85
4059.41
4059.54
4060.52
4061.26
4062.58
4062.96
4063.06
4063.17
4063.48
4064.65
4068.89
4068.93
4069.34
4070.27
4070.76
4071.47
4071.71
4071.99
4072.01
4072.04
4073.37
4073.93
4074.30
4074.41
4075.04
4075.88
4076.20
4076.54
4082.78
4083.81
4084.09
4084.50
4086.27
4087.24
4087.43
4087.97
4089.02
4089.78
4091.42
4091.46
4092.68
4093.89
4096.00
4097.29
4097.93
4099.23
4099.59
4102.34
4103.09
4105.77
4106.21
4106.28
4106.72
4106.76
4109.50
4111.13
4111.51
4112.88
4113.69
4115.72
4115.74
4116.98
4117.36
4118.87
4118.90
4119.64
4119.72
4121.05
4121.69
4124.20
4124.48
4125.28
4126.53
4127.01
4127.21
4127.89
4130.26
4132.89
4133.04
4133.38
4134.91
4136.76
4136.90
4137.30
4139.77
4140.97
4141.28
4141.87
4142.33
4142.75
4143.76
4146.87
4147.83
4148.03
4148.06
4150.96
4151.28
4152.16
4152.48
4152.53
4153.02
4154.49
4155.05
4157.78
4158.28
4159.79
4162.55
4162.75
4165.62
4166.55
4167.18
4168.43
4168.70
4168.95
4172.46
4172.83
4174.75
4175.15
4176.36
4176.58
4177.39
4178.35
4178.53
4180.12
4181.83
4183.60
4184.34
4184.69
4184.99
4185.79
4185.92
4187.87
4188.03
4188.77
4191.49
4191.67
4192.18
4192.75
4193.18
4193.28
4194.78
4195.10
4195.46
4195.50
4196.72
4196.92
4197.05
4197.19
4197.82
4198.30
4199.20
4200.09
4200.25
4200.32
4202.07
4202.50
4204.82
4205.56
4206.23
4207.20
4207.82
4208.41
4208.58
4208.99
4211.16
4211.91
4211.91
4212.29
4214.39
4214.45
4216.27
4216.76
4217.72
4218.48
4218.53
4218.78
4223.47
4224.63
4225.00
4225.02
4226.08
4226.38
4226.59
4227.85
4229.50
4230.22
4231.42
4234.64
4234.65
4234.92
4236.00
4236.51
4237.62
4237.78
4237.85
4239.55
4239.80
4242.31
4242.65
4242.84
4243.59
4245.20
4249.11
4250.45
4250.64
4251.02
4251.67
4252.04
4252.10
4253.13
4253.14
4253.76
4258.23
4258.30
4259.23
4259.71
4261.75
4263.19
4263.47
4266.03
4266.41
4268.18
4268.25
4269.67
4271.26
4271.54
4272.30
4273.92
4274.14
4275.17
4277.77
4278.85
4279.31
4280.47
4280.97
4282.63
4283.11
4283.27
4283.61
4284.40
4284.48
4284.87
4285.80
4288.65
4288.90
4289.68
4289.83
4290.31
4290.78
4294.35
4295.43
4296.96
4298.86
4300.33
4300.67
4300.97
4301.82
4304.95
4305.62
4306.21
4306.57
4307.40
4307.65
4309.42
4309.79
4310.39
4310.47
4311.32
4311.44
4312.03
4312.16
4314.50
4315.25
4315.43
4315.50
4315.64
4315.80
4316.26
4316.94
4318.15
4318.32
4318.83
4319.13
4319.40
4325.18
4325.63
4326.59
4327.51
4329.36
4329.85
4330.32
4330.40
4331.54
4332.47
4333.06
4333.11
4334.35
4334.54
4336.31
4336.46
4337.89
4338.06
4340.10
4341.20
4341.25
4342.08
4342.35
4343.26
4343.37
4343.58
4345.75
4346.49
4348.22
4348.56
4350.25
4353.00
4355.58
4355.78
4356.00
4360.45
4361.15
4361.48
4362.43
4363.25
4364.03
4364.10
4364.42
4365.62
4366.24
4367.51
4367.97
4368.91
4370.48
4370.50
4370.73
4370.90
4371.64
4371.73
4372.10
4373.46
4373.97
4375.74
4376.98
4377.29
4378.50
4380.18
4380.97
4382.72
4383.19
4383.44
4384.27
4384.35
4384.87
4385.96
4387.58
4387.77
4388.08
4389.04
4389.20
4390.36
4390.43
4391.05
4391.21
4392.98
4394.16
4395.13
4395.33
4397.03
4397.36
4400.71
4403.18
4403.58
4404.08
4406.35
4407.07
4407.33
4408.15
4410.35
4410.74
4410.74
4411.79
4411.86
4412.31
4412.57
4413.76
4414.07
4414.19
4416.79
4418.19
4418.84
4419.83
4420.64
4421.06
4421.68
4422.41
4422.56
4427.02
4427.34
4427.60
4428.83
4429.09
4429.30
4429.74
4429.98
4433.68
4434.87
4434.96
4435.30
4435.36
4435.46
4436.65
4437.38
4438.40
4439.62
4439.85
4440.56
4440.97
4441.74
4444.02
4444.10
4444.43
4444.55
4444.72
4445.44
4446.75
4450.54
4452.95
4454.15
4455.39
4455.88
4457.03
4457.51
4457.52
4458.26
4458.97
4459.42
4460.57
4461.15
4461.30
4461.77
4461.83
4463.64
4464.92
4464.95
4467.50
4467.87
4468.78
4470.76
4471.86
4476.65
4477.39
4479.50
4481.09
4482.86
4482.96
4483.56
4484.66
4484.81
4486.91
4487.18
4487.66
4488.73
4489.60
4490.06
4491.09
4493.30
4493.47
4493.50
4494.47
4494.65
4495.47
4496.32
4497.34
4497.78
4498.19
4500.29
4502.78
4507.73
4507.90
4510.45
4510.75
4511.22
4511.62
4513.87
4514.55
4515.32
4515.43
4515.91
4516.08
4516.47
4516.61
4516.92
4518.03
4518.12
4519.33
4520.65
4522.89
4524.36
4525.37
4527.14
4527.94
4528.68
4530.75
4532.08
4532.55
4533.08
4534.76
4534.83
4535.13
4535.35
4538.79
4538.97
4539.15
4540.06
4540.26
4541.14
4541.58
4541.80
4542.15
4544.79
4544.83
4544.96
4545.07
4548.58
4548.96
4552.38
4553.10
4553.36
4556.29
4556.69
4557.83
4558.03
4559.50
4560.56
4560.70
4561.72
4561.87
4562.35
4563.07
4563.17
4563.89
4563.96
4565.42
4567.65
4567.92
4568.34
4569.73
4571.53
4573.03
4573.22
4573.75
4574.66
4577.22
4578.77
4580.58
4587.23
4587.38
4587.40
4588.32
4589.05
4591.34
4591.76
4591.86
4592.02
4592.11
4593.01
4593.21
4596.42
4600.00
4600.24
4601.05
4602.16
4604.19
4604.86
4604.88
4605.08
4605.58
4606.39
4606.58
4608.07
4609.86
4610.82
4611.02
4612.67
4613.00
4613.12
4613.57
4615.07
4615.47
4616.86
4617.09
4617.35
4617.57
4617.77
4617.87
4618.86
4619.23
4623.16
4623.99
4624.21
4625.28
4625.44
4625.71
4625.99
4627.02
4628.20
4628.22
4629.09
4630.81
4631.45
4634.40
4634.73
4634.80
4634.98
4635.31
4636.96
4637.53
4638.74
4639.10
4641.36
4643.12
4643.48
4643.64
4645.85
4646.83
4647.24
4648.06
4648.28
4648.92
4650.00
4652.50
4652.94
4654.98
4655.42
4655.69
4656.14
4657.33
4657.90
4658.98
4661.03
4661.13
4663.15
4663.52
4663.84
4666.22
4667.86
4668.36
4668.72
4668.97
4669.34
4669.60
4670.82
4671.26
4671.58
4674.10
4675.69
4675.89
4676.71
4678.83
4679.22
4680.64
4682.04
4685.58
4686.55
4687.13
4687.63
4687.71
4688.66
4689.73
4689.99
4690.28
4690.74
4692.27
4693.54
4693.86
4693.88
4695.51
4696.62
4696.65
4697.74
4697.90
4698.58
4699.49
4701.12
4701.12
4702.48
4703.08
4703.74
4703.82
4704.40
4704.79
4707.56
4707.75
4709.63
4709.83
4711.00
4712.92
4713.20
4713.38
4714.39
4716.38
4716.42
4717.77
4718.44
4720.47
4720.73
4721.99
4722.93
4723.32
4723.57
4725.82
4725.87
4725.95
4726.33
4727.20
4727.21
4727.33
4727.85
4728.13
4729.15
4729.84
4730.56
4730.87
4730.95
4733.07
4733.09
4733.63
4734.55
4737.61
4738.10
4739.17
4741.10
4741.77
4742.41
4742.54
4742.66
4744.88
4745.68
4745.92
4752.19
4752.88
4753.35
4753.66
4754.67
4757.13
4757.37
4758.23
4758.78
4761.40
4762.04
4762.55
4763.17
4763.72
4764.11
4764.60
4764.76
4764.97
4766.00
4766.66
4768.14
4768.96
4769.11
4769.78
4771.92
4772.25
4772.94
4774.56
4774.84
4776.98
4777.73
4778.97
4779.52
4779.77
4780.68
4781.21
4782.12
4782.68
4783.12
4783.83
4784.75
4787.35
4787.55
4788.76
4789.09
4789.17
4789.29
4789.75
4789.75
4790.02
4793.14
4793.38
4793.56
4795.40
4798.88
4800.08
4800.27
4800.99
4804.40
4805.07
4805.66
4806.25
4807.18
4807.20
4807.46
4808.21
4810.03
4810.39
4810.64
4811.04
4814.87
4814.92
4816.30
4820.47
4820.89
4821.93
4825.86
4826.50
4826.64
4831.16
4832.87
4832.90
4833.94
4834.32
4836.29
4837.43
4837.57
4837.64
4838.11
4838.20
4838.85
4840.73
4842.29
4843.84
4845.26
4846.36
4846.50
4847.48
4847.59
4848.57
4848.59
4850.79
4851.55
4854.30
4854.95
4855.28
4856.08
4856.50
4857.66
4859.00
4860.17
4861.77
4862.60
4865.18
4865.39
4865.51
4865.98
4866.60
4867.64
4868.05
4868.07
4868.81
4870.04
4872.10
4872.11
4873.11
4873.14
4873.40
4874.03
4874.69
4875.13
4879.31
4880.82
4881.67
4882.04
4882.85
4883.31
4885.76
4886.32
4886.95
4887.30
4887.76
4888.65
4888.88
4889.87
4891.43
4891.68
4896.20
4896.32
4898.14
4899.00
4899.16
4899.53
4900.65
4900.78
4902.52
4902.82
4903.88
4903.89
4905.66
4907.53
4909.32
4909.35
4910.65
4910.96
4912.23
4913.34
4914.26
4915.33
4916.00
4916.23
4918.42
4918.81
4919.39
4919.64
4920.86
4921.60
4923.66
4924.22
4929.84
4931.40
4931.70
4932.47
4932.52
4932.67
4933.44
4934.17
4935.87
4935.94
4936.33
4938.84
4939.88
4940.95
4941.13
4942.09
4943.30
4944.51
4948.49
4949.07
4949.24
4950.59
4950.81
4952.08
4952.52
4952.70
4953.03
4954.38
4955.24
4956.23
4957.58
4961.53
4961.98
4962.29
4963.71
4964.04
4965.09
4967.44
4968.25
4968.34
4969.91
4970.11
4970.69
4971.77
4972.92
4973.47
4973.59
4974.29
4974.48
4975.85
4976.04
4977.71
4977.96
4979.38
4980.02
4980.11
4981.16
4981.98
4982.61
4983.11
4984.65
4985.43
4987.29
4989.04
4989.55
4990.38
4992.06
4992.38
4993.56
4996.38
4998.66
4999.28
4999.99
5000.43
5001.27
5001.27
5002.21
5002.21
5002.98
5005.23
5006.19
5006.72
5008.67
5008.81
5009.17
5009.60
5010.01
5013.55
5016.60
5017.29
5017.48
5018.96
5019.27
5022.75
5022.89
5024.23
5024.99
5026.23
5026.83
5030.11
5030.76
5032.44
5032.88
5033.31
5035.93
5039.83
5040.50
5042.87
5043.29
5043.46
5044.10
5044.22
5045.02
5045.87
5046.18
5047.25
5048.16
5048.20
5048.61
5049.94
5051.28
5051.28
5053.86
5055.12
5057.37
5057.61
5059.67
5061.14
5061.56
5061.61
5063.25
5065.24
5065.58
5068.79
5070.17
5074.96
5076.04
5077.12
5077.62
5078.69
5080.20
5081.20
5081.55
5082.06
5082.44
5083.46
5086.35
5087.39
5088.64
5089.15
5093.54
5093.57
5094.96
5094.98
5096.44
5099.12
5099.29
5099.79
5099.89
5100.22
5101.64
5101.79
5102.02
5102.82
5102.99
5106.23
5106.39
5106.83
5107.04
5107.12
5108.43
5108.77
5110.04
5110.38
5112.14
5112.27
5112.46
5114.11
5114.42
5115.28
5115.43
5116.02
5118.00
5118.31
5119.02
5119.80
5119.91
5120.35
5120.72
5120.74
5121.50
5123.01
5126.40
5127.37
5128.27
5128.91
5129.22
5129.69
5131.21
5131.68
5132.08
5132.37
5132.51
5132.78
5132.78
5134.16
5134.50
5137.19
5138.13
5139.41
5139.42
5141.66
5142.53
5142.76
5143.82
5145.36
5145.70
5146.70
5148.13
5148.37
5148.48
5149.39
5150.05
5150.60
5150.64
5151.42
5151.76
5152.30
5152.71
5152.97
5153.55
5154.84
5155.20
5155.28
5155.38
5157.19
5159.22
5159.25
5160.53
5161.75
5161.83
5163.04
5165.02
5165.90
5166.43
5169.06
5169.62
5170.58
5172.26
5172.36
5173.41
5174.10
5174.26
5174.48
5174.98
5175.58
5175.74
5176.72
5177.45
5181.66
5182.15
5183.19
5184.62
5185.05
5185.30
5185.40
5186.45
5187.43
5189.60
5190.23
5190.53
5192.07
5192.31
5193.14
5193.45
5196.03
5197.68
5198.76
5198.79
5201.32
5201.34
5201.35
5201.87
5204.49
5204.86
5205.59
5205.81
5205.99
5206.02
5207.44
5207.93
5208.87
5209.92
5210.84
5211.79
5212.73
5213.33
5213.43
5213.77
5215.10
5215.85
5216.70
5217.23
5218.56
5218.84
5218.86
5219.08
5219.34
5220.61
5220.76
5220.80
5221.93
5222.88
5224.10
5225.09
5225.11
5226.34
5227.07
5227.27
5228.04
5229.51
5229.72
5229.79
5231.23
5231.34
5232.19
5233.17
5233.55
5234.78
5235.15
5235.98
5237.21
5238.66
5240.76
5241.34
5242.93
5243.18
5246.18
5247.50
5247.83
5248.98
5249.75
5249.98
5250.03
5251.22
5256.67
5256.73
5259.62
5259.78
5259.84
5261.35
5262.17
5262.49
5263.94
5267.77
5267.96
5268.30
5268.97
5269.90
5270.85
5270.87
5275.82
5277.15
5277.25
5279.35
5279.84
5280.29
5282.17
5285.18
5286.84
5287.65
5288.50
5291.03
5293.22
5295.53
5296.42
5297.75
5298.08
5299.09
5299.27
5299.50
5300.13
5301.36
5301.50
5302.00
5305.15
5305.95
5307.39
5308.33
5310.47
5311.27
5312.34
5314.33
5315.01
5315.43
5317.38
5317.83
5318.70
5318.83
5319.08
5320.68
5320.89
5322.09
5323.08
5324.49
5331.93
5332.68
5332.88
5334.62
5334.66
5336.23
5337.06
5338.61
5339.06
5342.54
5342.57
5345.34
5346.73
5348.08
5348.32
5348.90
5349.91
5349.98
5351.30
5351.85
5352.09
5352.37
5353.30
5354.40
5355.44
5355.51
5355.73
5356.47
5357.95
5358.95
5360.48
5360.82
5362.46
5362.49
5362.53
5362.97
5364.51
5366.01
5367.83
5371.50
5374.83
5377.38
5377.47
5378.34
5378.86
5380.69
5383.01
5384.30
5384.41
5386.17
5387.26
5387.40
5388.53
5389.15
5389.50
5390.11
5391.77
5391.81
5391.86
5395.41
5396.21
5397.12
5397.21
5399.06
5399.16
5401.70
5401.93
5403.00
5404.68
5405.76
5405.99
5406.99
5407.23
5408.35
5408.37
5409.65
5410.69
5412.77
5413.14
5414.11
5415.52
5416.97
5418.47
5418.84
5419.30
5419.54
5421.28
5424.40
5424.44
5425.26
5425.36
5425.38
5426.47
5428.28
5428.59
5429.40
5431.02
5431.45
5431.60
5433.64
5436.09
5436.89
5437.76
5439.34
5439.39
5439.78
5440.34
5443.48
5444.21
5445.72
5446.85
5447.00
5447.50
5448.67
5448.76
5448.86
5449.57
5450.75
5454.16
5454.69
5454.96
5456.14
5456.34
5458.39
5460.41
5460.48
5461.10
5461.30
5462.35
5462.43
5462.86
5462.88
5463.54
5463.86
5463.96
5465.46
5465.82
5468.15
5469.45
5469.71
5472.72
5472.88
5472.96
5473.22
5474.24
5474.78
5475.41
5478.22
5479.47
5479.93
5480.01
5480.16
5480.46
5481.05
5481.42
5481.70
5484.17
5484.30
5487.07
5489.53
5491.54
5492.11
5492.14
5495.76
5496.05
5497.63
5497.97
5498.20
5500.62
5501.06
5501.45
5501.96
5503.42
5503.97
5504.21
5505.49
5505.64
5505.93
5506.36
5506.37
5508.78
5509.13
5510.42
5510.90
5511.07
5511.17
5512.46
5513.92
5516.35
5517.56
5517.71
5518.11
5519.62
5520.99
5521.68
5523.34
5527.30
5527.50
5529.46
5531.55
5531.66
5533.04
5533.55
5533.88
5534.78
5536.59
5536.90
5537.68
5538.36
5540.54
5543.63
5549.30
5549.82
5550.50
5550.67
5550.94
5552.66
5555.08
5555.13
5555.81
5557.44
5558.40
5558.42
5559.70
5561.53
5563.16
5563.64
5563.66
5566.36
5566.78
5566.94
5569.03
5569.12
5569.34
5570.25
5573.06
5573.20
5576.32
5578.36
5578.43
5579.19
5579.66
5581.00
5581.96
5584.01
5584.17
5584.27
5586.00
5587.57
5587.83
5588.17
5588.71
5589.45
5590.77
5592.25
5593.90
5594.41
5594.61
5594.64
5594.79
5595.68
5596.14
5598.80
5600.06
5601.46
5603.14
5603.69
5604.45
5605.20
5606.10
5607.36
5608.98
5609.67
5609.88
5610.80
5611.33
5611.39
5611.45
5612.86
5613.43
5618.05
5618.29
5618.82
5619.00
5619.07
5620.53
5620.53
5621.29
5622.36
5622.89
5623.08
5623.54
5624.80
5625.50
5626.18
5626.31
5627.15
5627.48
5627.79
5630.50
5630.85
5634.18
5635.28
5637.25
5640.07
5640.19
5640.27
5640.51
5641.11
5642.05
5644.19
5644.28
5645.13
5645.16
5645.65
5645.65
5646.55
5647.15
5647.30
5647.61
5647.65
5647.85
5648.73
5649.82
5651.46
5652.46
5652.74
5654.32
5654.86
5654.89
5656.55
5656.85
5658.35
5658.92
5659.66
5659.70
5660.40
5661.25
5661.49
5662.24
5663.09
5667.50
5668.08
5668.26
5668.98
5669.30
5669.46
5670.51
5671.85
5672.33
5674.76
5675.75
5679.36
5681.26
5681.68
5682.61
5682.99
5683.74
5684.40
5690.51
5692.74
5697.04
5698.25
5698.42
5702.11
5702.47
5704.94
5705.94
5706.03
5707.71
5709.88
5711.34
5713.61
5713.74
5714.25
5715.59
5716.29
5718.27
5718.47
5720.39
5721.46
5721.55
5722.12
5722.89
5722.96
5722.98
5723.00
5724.01
5724.08
5725.58
5725.71
5725.73
5726.41
5726.45
5727.30
5727.31
5728.93
5729.15
5730.47
5732.31
5733.32
5735.00
5735.31
5736.17
5736.38
5736.55
5737.98
5739.12
5740.94
5742.68
5746.73
5747.45
5750.03
5750.05
5750.34
5750.64
5750.68
5754.23
5755.89
5755.95
5756.83
5758.46
5760.21
5760.95
5761.81
5762.55
5766.42
5767.18
5768.85
5770.34
5770.78
5771.27
5772.71
5773.29
5776.26
5779.01
5784.10
5784.49
5784.52
5786.01
5786.96
5790.52
5791.05
5791.48
5792.12
5794.16
5795.17
5796.26
5797.83
5800.07
5800.08
5801.72
5802.29
5805.88
5805.92
5805.93
5807.56
5809.09
5810.75
5810.85
5811.53
5813.29
5813.30
5814.19
5816.01
5817.21
5820.28
5820.67
5821.66
5822.20
5823.24
5825.57
5825.68
5828.22
5828.63
5829.71
5829.85
5831.26
5831.61
5831.76
5833.43
5835.51
5836.62
5837.05
5838.80
5839.20
5840.07
5840.50
5841.38
5842.66
5845.29
5845.56
5850.16
5850.77
5850.99
5852.10
5852.75
5853.01
5854.14
5854.74
5855.39
5857.02
5857.70
5859.03
5859.22
5861.67
5861.81
5863.20
5863.99
5865.64
5866.48
5866.88
5866.92
5870.48
5871.16
5871.51
5872.31
5873.13
5874.26
5874.44
5876.12
5877.25
5881.84
5884.34
5886.90
5887.75
5887.82
5889.76
5890.19
5891.91
5892.52
5893.90
5894.16
5894.43
5895.63
5896.65
5896.94
5897.31
5897.50
5900.95
5901.75
5901.91
5902.81
5904.75
5904.83
5905.84
5907.59
5909.67
5910.26
5910.77
5910.84
5911.61
5912.63
5913.32
5914.42
5914.81
5916.56
5921.78
5922.95
5923.23
5923.89
5924.30
5924.54
5924.98
5925.13
5925.17
5925.61
5925.63
5925.87
5929.35
5929.45
5929.49
5930.93
5931.81
5932.02
5934.13
5935.62
5936.21
5937.57
5937.83
5937.90
5938.64
5939.74
5939.78
5939.80
5940.27
5941.20
5942.59
5943.08
5943.32
5946.66
5947.16
5949.29
5950.69
5951.05
5951.25
5951.28
5951.64
5952.24
5952.47
5952.80
5953.66
5954.02
5954.06
5954.24
5954.52
5954.68
5956.46
5956.63
5958.34
5958.72
5959.41
5959.53
5960.29
5961.91
5962.70
5962.88
5965.11
5965.45
5967.47
5968.89
5973.11
5976.36
5976.51
5977.38
5978.00
5978.86
5979.44
5980.89
5981.20
5981.54
5983.42
5984.94
5986.18
5989.79
5992.22
5992.38
5993.94
5994.17
5997.07
5999.66
5999.97
6000.33
6003.20
6003.27
6004.41
6006.62
6008.34
6008.93
6009.63
6010.64
6011.44
6012.14
6013.25
6013.28
6015.48
6016.36
6017.77
6017.99
6019.05
6019.37
6020.53
6022.61
6023.39
6023.64
6023.69
6024.34
6026.40
6026.72
6028.03
6028.29
6028.30
6028.89
6029.77
6030.19
6030.63
6031.39
6033.23
6033.55
6034.20
6036.13
6036.21
6036.67
6037.19
6037.47
6038.39
6040.44
6041.07
6041.87
6042.00
6042.39
6042.58
6042.96
6043.18
6043.27
6044.46
6044.52
6045.11
6045.15
6046.05
6046.29
6046.41
6047.56
6050.57
6050.82
6053.26
6053.92
6054.16
6054.95
6060.79
6061.39
6061.51
6062.27
6063.21
6064.58
6064.84
6066.41
6066.98
6067.09
6067.13
6067.69
6071.36
6072.18
6074.43
6078.43
6079.67
6081.59
6082.28
6082.30
6083.83
6084.00
6086.92
6088.16
6089.24
6090.33
6090.80
6091.61
6092.32
6092.58
6093.32
6093.72
6094.07
6095.55
6095.57
6096.97
6097.72
6098.31
6098.42
6101.23
6101.33
6101.51
6103.33
6104.50
6104.88
6105.55
6106.81
6108.50
6108.66
6110.92
6112.58
6114.28
6114.40
6114.49
6114.51
6117.16
6121.27
6122.14
6122.62
6123.39
6124.20
6124.29
6124.46
6125.70
6125.86
6126.08
6126.25
6127.14
6127.55
6130.89
6133.16
6133.32
6133.56
6133.97
6135.10
6135.67
6137.22
6138.69
6139.02
6139.60
6139.80
6140.09
6140.22
6142.08
6142.69
6142.85
6145.29
6145.72
6145.86
6146.01
6146.84
6147.05
6147.27
6149.15
6151.30
6152.14
6152.43
6155.49
6156.81
6157.25
6157.30
6157.53
6158.00
6160.57
6160.90
6163.34
6166.17
6166.20
6167.81
6168.76
6169.27
6169.61
6170.56
6171.10
6171.79
6171.99
6172.78
6174.36
6175.76
6177.76
6178.21
6178.52
6181.41
6181.86
6182.64
6183.22
6185.29
6185.43
6185.84
6187.40
6190.09
6190.26
6190.29
6190.88
6190.92
6191.98
6192.49
6194.14
6194.20
6196.70
6199.61
6201.11
6201.25
6201.62
6205.55
6207.17
6209.90
6211.90
6214.42
6215.10
6217.19
6217.44
6218.25
6218.77
6219.05
6221.25
6222.28
6222.66
6222.70
6222.87
6223.48
6223.59
6224.50
6226.67
6228.20
6230.23
6232.15
6233.61
6234.04
6234.10
6234.25
6235.97
6238.22
6239.00
6239.00
6239.51
6239.60
6239.71
6240.08
6240.09
6242.01
6242.96
6243.30
6244.76
6246.40
6246.44
6246.72
6248.59
6249.88
6251.74
6252.53
6252.74
6256.72
6256.99
6258.57
6258.73
6260.60
6260.72
6262.57
6263.96
6264.26
6265.11
6265.57
6266.11
6268.59
6268.89
6269.53
6269.99
6270.38
6272.06
6274.06
6274.18
6275.31
6276.36
6279.14
6280.88
6283.03
6283.53
6285.01
6285.09
6287.93
6288.54
6289.33
6289.37
6290.18
6290.54
6291.12
6291.93
6292.83
6293.44
6293.51
6295.56
6296.29
6296.99
6297.07
6297.68
6298.55
6299.26
6299.79
6299.84
6300.04
6301.74
6301.79
6302.08
6302.61
6302.66
6302.83
6303.55
6304.36
6306.48
6306.74
6307.20
6309.39
6309.68
6310.09
6310.12
6311.02
6312.02
6316.82
6319.00
6319.06
6319.29
6319.53
6319.54
6320.09
6321.26
6321.64
6321.66
6322.87
6323.38
6323.59
6324.93
6327.45
6329.12
6331.48
6332.38
6332.41
6332.42
6332.74
6332.77
6334.79
6334.91
6335.36
6336.98
6337.86
6340.09
6340.59
6342.25
6343.47
6345.37
6346.58
6347.17
6347.31
6347.74
6348.48
6348.74
6349.30
6349.36
6350.77
6351.30
6351.33
6352.73
6353.13
6354.64
6355.03
6355.75
6357.67
6357.98
6359.70
6360.08
6360.38
6361.65
6362.18
6363.45
6363.47
6364.78
6365.27
6365.36
6365.89
6366.20
6370.27
6370.86
6372.43
6372.67
6374.01
6374.02
6376.00
6379.61
6379.87
6380.31
6381.59
6383.50
6384.54
6385.09
6385.30
6385.94
6385.97
6387.16
6387.30
6387.48
6390.17
6392.01
6392.17
6392.24
6394.79
6397.90
6400.20
6400.90
6400.98
6402.17
6405.72
6405.74
6405.95
6405.98
6407.14
6407.77
6407.87
6410.74
6411.02
6411.41
6411.41
6411.43
6411.47
6416.68
6416.83
6418.09
6424.19
6424.34
6424.87
6427.00
6427.18
6427.41
6428.32
6429.23
6429.35
6430.74
6432.64
6432.77
6433.23
6433.73
6434.54
6434.64
6435.14
6435.74
6436.68
6438.21
6439.78
6440.87
6443.07
6444.33
6445.10
6445.19
6445.51
6448.57
6450.77
6451.36
6452.64
6452.96
6455.24
6460.27
6462.74
6463.31
6463.94
6464.95
6466.09
6468.63
6469.56
6470.56
6472.31
6472.44
6472.56
6472.90
6473.88
6475.72
6475.74
6478.59
6479.29
6480.82
6481.07
6481.45
6482.10
6482.43
6482.79
6483.40
6484.42
6484.87
6487.65
6490.01
6490.78
6490.95
6491.81
6491.97
6492.39
6493.41
6494.27
6495.05
6496.69
6497.96
6498.88
6498.90
6498.92
6499.96
6500.31
6502.17
6502.48
6503.28
6504.08
6504.83
6505.30
6506.06
6506.59
6506.91
6508.05
6508.57
6508.93
6509.37
6511.39
6512.55
6514.07
6516.54
6516.58
6519.30
6519.92
6520.06
6521.63
6521.66
6522.26
6523.33
6523.52
6523.99
6527.94
6529.11
6531.43
6533.00
6533.43
6535.84
6538.07
6539.35
6540.37
6541.13
6542.07
6543.91
6545.95
6547.98
6548.84
6549.76
6549.85
6550.36
6550.62
6550.76
6550.82
6550.96
6551.43
6551.75
6552.84
6553.22
6554.50
6554.67
6555.00
6559.09
6559.46
6560.03
6561.01
6562.31
6562.53
6562.69
6564.06
6566.06
6566.68
6569.72
6572.74
6574.60
6574.66
6576.92
6577.70
6578.33
6579.53
6579.60
6579.65
6580.89
6581.28
6582.07
6582.26
6584.58
6586.73
6586.80
6587.03
6588.39
6588.72
6589.85
6591.87
6593.04
6593.53
6594.73
6596.25
6598.03
6598.43
6598.46
6599.19
6601.69
6603.05
6604.96
6605.16
6606.50
6607.83
6608.19
6609.48
6613.06
6616.62
6618.14
6618.72
6619.16
6620.86
6620.98
6622.15
6623.99
6625.14
6627.63
6627.63
6628.79
6629.09
6630.94
6631.43
6633.03
6633.33
6633.34
6634.67
6635.70
6636.49
6637.16
6637.62
6638.39
6639.75
6639.82
6640.22
6641.35
6642.29
6642.55
6643.77
6646.58
6648.06
6648.29
6649.48
6651.89
6653.40
6654.00
6656.77
6657.31
6657.70
6657.98
6660.63
6660.95
6661.94
6662.02
6664.50
6665.93
6666.89
6667.10
6667.75
6668.38
6671.47
6671.55
6675.99
6677.29
6678.07
6679.33
6679.40
6680.15
6682.26
6682.96
6689.19
6690.74
6691.24
6691.94
6693.46
6693.50
6696.00
6696.57
6699.28
6699.94
6700.86
6702.46
6703.87
6704.92
6707.35
6708.19
6708.95
6709.24
6709.77
6710.03
6711.50
6711.60
6711.81
6715.15
6715.15
6715.30
6715.66
6716.83
6716.88
6719.90
6721.99
6722.74
6726.57
6726.87
6727.08
6728.04
6729.62
6731.02
6732.18
6732.62
6733.72
6734.07
6734.17
6734.29
6734.46
6735.50
6736.56
6736.59
6736.67
6737.15
6737.90
6738.10
6738.24
6738.92
6739.14
6740.07
6742.05
6744.30
6745.66
6747.16
6747.16
6747.84
6750.41
6751.31
6751.43
6751.46
6752.55
6754.87
6755.71
6756.05
6757.57
6758.04
6759.32
6759.34
6759.93
6761.37
6761.68
6762.41
6763.34
6766.07
6766.43
6769.48
6770.27
6770.80
6771.18
6772.82
6773.20
6773.38
6774.23
6775.79
6776.27
6780.76
6781.15
6781.17
6783.43
6784.39
6784.72
6785.20
6787.33
6787.34
6789.10
6789.22
6789.63
6790.39
6791.32
6792.49
6792.74
6794.18
6800.43
6801.26
6802.09
6802.45
6804.20
6804.68
6805.60
6806.36
6807.39
6809.23
6810.77
6811.72
6813.12
6813.29
6815.00
6815.04
6815.04
6818.53
6818.69
6819.49
6820.25
6823.35
6824.77
6827.01
6827.21
6827.73
6828.04
6830.39
6831.32
6831.35
6834.80
6835.99
6836.58
6837.17
6837.47
6838.00
6839.68
6840.36
6843.86
6844.33
6846.43
6848.18
6848.94
6849.53
6849.57
6849.66
6850.14
6850.53
6851.85
6852.32
6855.55
6855.94
6857.94
6858.50
6859.11
6860.94
6861.30
6862.27
6863.23
6863.96
6865.14
6866.84
6870.59
6871.53
6871.66
6872.54
6873.61
6874.98
6875.15
6875.74
6877.43
6877.66
6878.44
6879.50
6880.61
6883.72
6883.96
6886.38
6886.73
6886.87
6887.54
6890.62
6892.43
6892.96
6893.56
6893.88
6894.63
6895.16
6895.43
6895.73
6895.90
6896.56
6901.95
6904.80
6905.01
6905.45
6905.88
6906.92
6907.50
6908.23
6909.42
6910.02
6910.37
6910.55
6910.70
6911.38
6911.40
6912.43
6915.73
6915.93
6916.19
6916.37
6917.26
6917.57
6917.77
6918.42
6918.62
6919.46
6920.65
6921.05
6922.30
6922.63
6924.73
6928.07
6928.97
6930.58
6932.77
6933.09
6933.28
6935.38
6936.42
6937.29
6938.94
6941.00
6941.47
6941.80
6942.52
6942.85
6944.71
6944.75
6947.48
6947.54
6948.44
6948.78
6949.63
6950.31
6951.73
6951.91
6954.92
6955.03
6957.08
6957.87
6957.88
6959.80
6960.74
6960.99
6961.69
6961.79
6962.14
6963.79
6965.39
6965.58
6966.25
6970.42
6971.95
6973.89
6974.36
6974.51
6974.96
6975.61
6976.64
6977.60
6978.65
6981.00
6982.37
6984.91
6984.94
6985.04
6987.14
6987.34
6989.10
6991.36
6993.24
6994.04
6996.76
6997.59
6997.82
6998.00
7000.17
7001.11
7004.29
7005.10
7006.44
7008.46
7009.14
7012.89
7013.94
7015.83
7016.31
7019.56
7019.81
7019.98
7020.47
7023.39
7024.97
7025.96
7027.91
7028.37
7028.39
7028.75
7029.56
7030.10
7030.19
7030.83
7031.14
7034.15
7035.47
7036.17
7037.20
7040.81
7043.06
7043.28
7044.09
7045.43
7045.80
7047.03
7048.69
7049.04
7050.77
7051.33
7051.51
7053.30
7054.42
7054.52
7054.53
7054.61
7054.87
7054.98
7055.74
7056.49
7056.61
7057.85
7058.48
7060.43
7060.55
7060.65
7062.19
7062.51
7062.54
7063.04
7069.36
7071.14
7072.51
7074.83
7076.80
7077.25
7077.81
7078.39
7079.96
7080.01
7080.67
7080.99
7082.49
7083.61
7083.99
7084.60
7084.84
7084.89
7086.53
7087.05
7087.59
7088.02
7088.02
7091.42
7091.56
7091.97
7092.23
7092.40
7096.26
7097.40
7097.98
7099.08
7100.72
7101.03
7101.33
7101.91
7103.02
7103.67
7104.73
7105.49
7108.37
7109.74
7110.02
7111.51
7112.45
7114.05
7114.86
7115.07
7117.73
7117.76
7119.86
7124.68
7126.02
7126.79
7127.58
7129.23
7129.32
7130.06
7131.91
7132.00
7132.02
7132.90
7134.63
7135.73
7135.82
7137.00
7137.16
7137.37
7137.53
7138.52
7139.06
7139.71
7140.10
7142.29
7143.49
7143.59
7144.72
7144.74
7146.92
7147.12
7147.54
7148.07
7148.52
7149.06
7149.39
7149.76
7150.69
7155.97
7157.95
7158.64
7158.84
7159.37
7160.02
7161.28
7162.29
7163.11
7164.51
7166.37
7167.93
7168.15
7169.41
7169.74
7170.71
7171.32
7171.36
7172.95
7174.12
7174.97
7177.43
7179.70
7182.39
7183.12
7183.74
7185.08
7186.18
7187.66
7187.87
7187.89
7188.66
7188.87
7189.30
7190.35
7190.91
7192.41
7192.50
7193.80
7194.17
7195.14
7197.79
7199.72
7199.95
7201.58
7201.83
7202.29
7202.29
7202.55
7203.43
7205.17
7206.26
7207.01
7207.01
7207.23
7208.15
7209.95
7210.34
7210.78
7211.39
7211.68
7212.26
7212.58
7214.77
7215.13
7215.20
7216.21
7217.65
7217.84
7218.80
7218.88
7219.08
7222.36
7222.79
7224.38
7224.71
7226.02
7226.90
7227.32
7227.42
7227.46
7227.63
7229.12
7231.56
7233.08
7233.20
7234.20
7234.78
7235.10
7237.90
7238.30
7239.85
7241.09
7241.84
7244.25
7244.51
7245.85
7246.15
7246.40
7246.70
7247.15
7247.63
7249.20
7253.37
7253.53
7256.55
7257.37
7257.55
7259.48
7261.20
7262.77
7264.02
7264.10
7264.17
7264.40
7264.97
7265.16
7267.48
7268.12
7270.23
7270.41
7271.41
7271.86
7273.21
7273.96
7274.12
7274.43
7275.57
7278.71
7280.03
7283.20
7283.83
7284.64
7286.13
7286.78
7287.02
7287.17
7287.46
7288.50
7288.93
7289.60
7291.07
7293.01
7293.07
7293.73
7294.15
7295.00
7296.04
7297.18
7299.83
7302.07
7302.93
7303.39
7303.86
7304.03
7304.92
7304.94
7305.24
7306.06
7306.33
7306.70
7308.73
7309.18
7309.73
7310.04
7310.65
7311.67
7312.49
7312.50
7313.22
7314.05
7314.71
7315.04
7315.50
7315.75
7316.03
7316.83
7318.54
7318.55
7319.09
7319.48
7319.56
7320.30
7320.32
7320.45
7320.77
7321.55
7323.23
7324.66
7325.97
7327.87
7330.83
7331.99
7335.30
7335.97
7338.86
7339.67
7340.06
7340.31
7343.26
7345.55
7345.59
7345.74
7347.62
7348.86
7349.68
7350.18
7352.21
7353.87
7354.19
7354.64
7356.34
7357.31
7357.49
7358.16
7361.50
7361.67
7361.99
7364.92
7365.39
7367.04
7367.67
7369.14
7369.61
7370.54
7370.99
7371.82
7372.26
7373.79
7374.61
7376.11
7378.32
7378.38
7381.01
7381.03
7381.10
7381.58
7382.92
7385.05
7385.64
7389.32
7389.34
7389.87
7390.78
7391.19
7392.71
7394.02
7394.45
7395.11
7396.49
7401.15
7401.68
7402.42
7402.57
7404.45
7406.17
7406.28
7406.39
7408.12
7409.50
7409.82
7412.66
7412.89
7413.37
7413.61
7415.10
7417.17
7417.61
7418.56
7419.19
7421.83
7421.95
7422.15
7422.49
7423.08
7425.80
7427.80
7431.36
7432.95
7433.28
7434.86
7437.76
7438.50
7438.70
7441.04
7441.07
7441.40
7441.77
7443.59
7444.98
7445.83
7446.17
7448.66
7450.14
7450.71
7452.37
7452.59
7453.50
7454.13
7455.12
7455.75
7455.93
7456.20
7456.49
7461.70
7462.03
7465.41
7466.90
7469.33
7469.70
7472.36
7472.57
7473.09
7474.15
7475.14
7477.79
7477.87
7479.73
7480.41
7481.32
7481.41
7482.41
7483.13
7483.97
7486.29
7486.63
7487.12
7489.48
7489.69
7490.04
7491.38
7495.00
7496.24
7496.43
7497.84
7498.56
7498.65
7498.67
7500.02
7500.05
7503.22
7503.46
7503.99
7504.98
7505.35
7506.00
7506.64
7508.53
7510.11
7511.75
7512.26
7513.87
7514.03
7514.08
7514.79
7515.85
7516.29
7516.45
7517.51
7517.70
7517.81
7518.22
7518.68
7519.62
7519.85
7520.30
7521.06
7522.19
7522.39
7523.19
7523.72
7524.69
7526.25
7526.93
7526.94
7527.73
7528.61
7530.66
7530.71
7530.89
7532.01
7532.20
7532.70
7533.00
7533.22
7534.22
7535.83
7535.96
7538.24
7540.19
7540.30
7542.14
7542.51
7544.72
7544.85
7545.64
7546.49
7547.65
7547.68
7547.87
7548.16
7549.74
7551.21
7551.30
7551.54
7551.84
7553.80
7553.80
7554.82
7555.13
7555.42
7555.67
7556.78
7556.89
7557.94
7561.44
7563.09
7563.70
7564.13
7565.58
7567.64
7567.90
7568.41
7568.57
7570.93
7571.33
7571.34
7572.08
7572.27
7573.09
7573.54
7573.64
7575.08
7575.18
7576.12
7578.14
7579.01
7579.55
7581.53
7585.76
7586.08
7586.46
7587.26
7588.02
7588.58
7588.71
7589.18
7589.82
7590.05
7590.31
7591.38
7592.61
7592.91
7596.82
7597.29
7597.41
7597.88
7598.43
7598.59
7600.69
7601.68
7603.18
7605.53
7607.13
7607.50
7607.78
7607.88
7608.04
7609.01
7610.30
7610.33
7610.60
7612.38
7613.36
7613.79
7616.07
7617.13
7617.39
7618.27
7619.13
7619.22
7619.67
7620.22
7620.50
7620.87
7624.51
7625.37
7626.51
7627.05
7629.84
7630.02
7630.07
7631.04
7631.81
7632.40
7633.77
7634.75
7635.77
7636.77
7637.12
7637.56
7638.14
7638.52
7639.10
7639.75
7640.98
7641.16
7642.05
7645.51
7646.42
7648.23
7648.68
7650.47
7651.52
7651.54
7652.03
7652.53
7652.77
7653.89
7655.17
7656.58
7657.17
7658.33
7660.20
7660.47
7660.61
7660.75
7661.20
7663.26
7664.59
7664.88
7665.92
7665.95
7669.61
7671.22
7672.54
7674.48
7674.74
7676.39
7677.30
7678.04
7681.86
7683.87
7684.32
7685.52
7685.55
7685.83
7686.54
7687.27
7688.57
7688.74
7689.15
7690.23
7692.88
7694.91
7695.76
7696.97
7697.84
7698.08
7698.24
7698.49
7698.90
7699.59
7700.07
7700.26
7700.91
7703.32
7705.00
7706.43
7707.90
7708.29
7708.94
7713.34
7713.86
7714.75
7716.10
7716.48
7716.55
7716.91
7717.07
7722.81
7723.42
7723.55
7724.66
7725.67
7729.96
7730.58
7731.43
7736.16
7736.50
7736.50
7736.89
7738.28
7738.38
7738.85
7739.02
7739.53
7740.16
7740.25
7740.84
7741.04
7741.91
7743.03
7743.19
7743.77
7745.23
7745.29
7745.34
7746.96
7748.63
7750.01
7750.79
7751.01
7751.04
7751.91
7754.29
7754.32
7756.42
7757.30
7757.35
7757.87
7758.59
7759.23
7761.96
7764.28
7766.57
7768.74
7769.07
7770.56
7770.94
7771.46
7771.56
7777.65
7779.13
7779.85
7780.40
7781.05
7781.91
7784.00
7785.58
7785.82
7788.70
7788.96
7790.22
7791.23
7791.24
7792.10
7793.02
7793.39
7793.65
7794.34
7795.70
7795.80
7795.85
7797.69
7798.39
7799.84
7799.89
7800.02
7800.87
7804.03
7806.72
7806.88
7809.09
7813.70
7814.47
7815.79
7816.06
7819.54
7819.98
7821.38
7822.67
7823.65
7823.94
7825.11
7826.35
7826.74
7827.01
7827.26
7827.41
7828.73
7829.42
7829.86
7830.07
7830.41
7831.06
7832.08
7832.39
7834.98
7835.22
7835.62
7837.68
7841.40
7845.66
7846.24
7846.91
7846.93
7847.21
7847.53
7849.46
7854.33
7856.78
7858.97
7860.37
7861.49
7863.94
7866.00
7866.66
7867.73
7868.79
7868.93
7869.00
7869.21
7869.30
7871.84
7873.17
7873.62
7873.98
7875.22
7875.65
7877.11
7877.17
7877.64
7877.76
7878.60
7878.74
7879.63
7879.67
7880.04
7880.43
7881.30
7881.72
7882.30
7883.16
7886.51
7889.85
7893.95
7894.66
7896.27
7896.69
7896.83
7898.19
7898.92
7900.73
7902.34
7903.41
7904.80
7905.18
7905.88
7907.10
7908.14
7909.72
7912.06
7912.20
7912.38
7913.87
7919.03
7920.77
7922.11
7922.25
7922.34
7922.69
7925.33
7925.55
7925.72
7926.70
7927.32
7928.34
7930.58
7930.66
7930.95
7931.19
7933.84
7934.24
7934.50
7935.72
7936.16
7936.69
7938.53
7940.63
7941.40
7942.21
7944.27
7944.67
7944.71
7945.46
7947.03
7949.61
7949.78
7950.22
7951.77
7951.83
7952.97
7953.33
7953.55
7955.19
7956.30
7956.79
7957.76
7959.27
7960.09
7961.68
7964.58
7967.50
7971.24
7971.92
7972.30
7973.85
7974.22
7974.64
7974.70
7975.64
7976.10
7976.67
7976.75
7977.04
7977.10
7978.72
7979.78
7982.59
7984.16
7984.23
7987.19
7987.55
7989.08
7989.35
7989.83
7991.37
7992.84
7993.22
7993.91
7994.02
7994.41
7994.51
7995.86
7995.86
7996.33
7997.19
7997.70
7997.94
7998.23
7999.00
7999.08
8000.77
8001.16
8003.11
8003.98
8005.07
8007.53
8007.98
8009.81
8010.21
8010.81
8010.89
8010.98
8011.47
8012.54
8013.56
8015.70
8019.35
8019.70
8021.40
8022.53
8022.65
8022.69
8023.19
8024.29
8026.02
8026.06
8026.48
8028.20
8028.77
8029.05
8029.55
8030.09
8030.48
8032.99
8033.33
8035.20
8035.27
8038.23
8038.74
8039.40
8041.58
8042.03
8042.20
8042.60
8042.64
8044.39
8046.65
8048.79
8048.98
8049.36
8050.23
8055.67
8056.25
8056.86
8059.06
8059.37
8060.11
8060.39
8060.48
8060.69
8060.98
8062.15
8063.70
8063.96
8064.36
8064.73
8065.08
8067.23
8067.73
8067.88
8069.68
8069.77
8070.72
8070.85
8071.09
8073.99
8075.00
8075.91
8076.81
8077.49
8078.49
8079.53
8079.76
8080.27
8080.70
8083.54
8084.17
8084.30
8086.40
8087.27
8087.42
8088.11
8088.43
8088.88
8089.26
8089.61
8090.68
8090.87
8090.87
8093.06
8096.65
8096.90
8098.24
8098.32
8102.47
8104.12
8104.64
8105.68
8106.58
8107.26
8107.91
8108.23
8108.98
8109.10
8110.97
8111.08
8111.37
8115.64
8116.26
8116.75
8119.62
8122.82
8124.73
8124.84
8126.40
8126.82
8127.93
8128.10
8128.85
8129.10
8129.59
8130.78
8131.54
8131.57
8132.49
8133.78
8134.55
8136.58
8139.41
8139.86
8140.72
8142.87
8143.26
8143.29
8143.54
8144.63
8145.35
8145.39
8145.43
8145.65
8145.85
8145.91
8146.84
8147.12
8147.42
8147.99
8152.06
8152.41
8152.67
8154.25
8155.75
8155.92
8157.71
8159.77
8160.08
8164.85
8165.02
8167.39
8169.27
8169.60
8169.92
8171.08
8174.59
8176.08
8177.43
8182.31
8182.33
8185.11
8185.21
8185.64
8187.63
8187.92
8188.91
8189.21
8190.03
8193.60
8195.20
8196.79
8197.21
8197.39
8198.05
8198.78
8200.13
8202.91
8203.70
8207.14
8208.70
8209.56
8209.86
8211.61
8213.99
8214.40
8215.47
8215.91
8216.39
8217.13
8218.20
8218.77
8219.49
8222.41
8224.44
8224.60
8227.25
8232.55
8232.98
8233.43
8233.64
8233.79
8234.36
8234.46
8235.08
8235.62
8235.63
8236.03
8238.34
8240.16
8242.04
8243.70
8243.83
8244.57
8244.93
8246.78
8247.43
8249.74
8249.82
8252.41
8252.67
8252.72
8256.31
8257.35
8258.60
8263.28
8265.58
8265.92
8266.39
8266.86
8266.95
8268.11
8268.48
8269.74
8270.26
8271.47
8271.51
8271.65
8271.66
8271.70
8271.80
8272.19
8273.95
8275.38
8275.57
8275.80
8275.97
8277.08
8278.88
8280.22
8280.22
8281.73
8282.59
8282.71
8282.76
8283.98
8285.08
8286.19
8286.25
8287.05
8288.07
8290.08
8292.68
8294.04
8298.29
8298.30
8299.05
8299.92
8301.04
8302.33
8303.34
8304.78
8305.13
8306.71
8306.84
8306.96
8307.87
8307.91
8308.70
8309.14
8311.76
8312.40
8312.97
8313.17
8314.92
8317.17
8317.65
8318.49
8318.93
8320.43
8320.64
8321.01
8321.07
8321.14
8322.15
8324.40
8324.54
8325.38
8326.90
8326.92
8327.91
8328.69
8329.18
8329.51
8329.65
8330.33
8330.68
8332.86
8333.25
8333.74
8336.88
8339.44
8339.82
8340.00
8340.89
8341.05
8341.36
8341.74
8342.20
8342.56
8344.98
8345.01
8345.32
8345.47
8345.81
8345.85
8346.55
8350.87
8352.12
8352.82
8354.71
8356.07
8356.55
8358.38
8360.02
8364.13
8365.20
8365.69
8367.44
8367.79
8369.61
8369.61
8374.49
8375.32
8375.49
8375.93
8376.42
8376.91
8377.34
8377.69
8378.65
8381.73
8383.68
8384.08
8384.28
8384.28
8386.31
8390.17
8390.73
8391.49
8394.32
8395.88
8396.89
8397.90
8399.10
8399.65
8399.70
8399.87
8400.05
8400.52
8400.83
8402.72
8402.72
8403.08
8403.46
8404.49
8405.46
8407.21
8408.57
8412.34
8413.25
8413.50
8414.02
8414.04
8414.76
8416.03
8416.51
8417.57
8417.70
8420.26
8420.82
8423.20
8424.27
8424.40
8425.18
8425.39
8428.13
8429.45
8429.51
8432.78
8433.40
8433.94
8434.08
8434.52
8435.27
8435.55
8437.21
8437.45
8437.86
8438.37
8439.71
8442.02
8444.01
8444.64
8444.86
8446.41
8446.60
8447.39
8447.66
8447.76
8448.01
8448.90
8449.64
8450.16
8451.45
8452.02
8452.16
8454.40
8455.86
8456.50
8457.38
8458.76
8459.12
8459.37
8459.67
8459.68
8460.67
8461.30
8461.53
8462.10
8462.33
8462.69
8463.34
8464.37
8466.56
8466.95
8469.66
8471.74
8471.80
8471.84
8471.96
8473.12
8473.38
8473.57
8474.09
8476.83
8477.34
8477.98
8483.67
8484.22
8485.21
8485.51
8486.60
8486.64
8487.02
8487.72
8487.98
8489.63
8489.67
8490.72
8490.88
8491.25
8491.95
8492.10
8492.62
8493.03
8493.99
8494.77
8495.35
8496.30
8496.63
8497.83
8497.93
8503.24
8503.54
8504.71
8506.37
8506.87
8507.41
8511.93
8511.95
8512.35
8512.36
8512.67
8514.17
8515.04
8515.66
8519.59
8519.87
8520.29
8520.67
8521.49
8521.75
8522.02
8522.14
8522.25
8522.36
8522.88
8522.99
8523.29
8525.28
8525.33
8525.57
8525.75
8526.04
8526.77
8527.76
8528.18
8528.78
8528.97
8530.28
8531.25
8532.44
8534.56
8536.11
8536.55
8537.08
8538.77
8539.57
8539.85
8540.03
8542.76
8543.20
8546.41
8546.88
8548.55
8548.66
8549.18
8551.83
8551.99
8552.12
8553.49
8555.15
8556.91
8557.83
8558.67
8558.99
8559.32
8560.04
8560.89
8561.57
8562.66
8563.23
8563.52
8566.01
8566.30
8567.07
8567.32
8568.61
8569.78
8570.74
8571.10
8571.67
8571.92
8572.53
8574.78
8574.92
8574.93
8575.13
8575.98
8576.86
8580.25
8580.34
8580.83
8584.72
8585.59
8586.84
8587.53
8588.14
8588.72
8589.95
8590.69
8591.65
8591.88
8593.74
8595.13
8595.24
8598.06
8598.82
8600.71
8601.58
8604.48
8605.19
8608.15
8608.70
8611.20
8611.41
8611.97
8613.57
8615.38
8616.51
8617.16
8617.48
8618.08
8618.76
8619.39
8619.80
8622.27
8623.42
8625.21
8626.76
8626.92
8628.10
8628.44
8628.61
8629.43
8630.08
8630.22
8630.39
8632.50
8632.97
8636.56
8636.85
8636.90
8637.40
8638.72
8638.79
8638.98
8639.35
8639.65
8641.69
8642.64
8642.87
8643.31
8643.76
8644.31
8644.42
8644.78
8645.42
8650.05
8650.09
8651.68
8651.84
8652.41
8653.28
8654.10
8655.21
8658.02
8658.62
8658.86
8659.48
8659.97
8662.94
8663.41
8663.62
8664.33
8664.67
8665.51
8666.86
8667.82
8669.18
8670.17
8670.97
8672.26
8673.42
8673.70
8673.96
8674.04
8676.13
8677.64
8677.81
8681.25
8681.55
8683.45
8684.06
8684.41
8685.71
8686.45
8686.84
8687.45
8689.46
8692.88
8694.31
8694.47
8695.10
8696.91
8697.15
8699.01
8700.49
8700.70
8701.58
8702.62
8703.16
8703.40
8704.59
8705.02
8706.18
8706.45
8706.61
8708.41
8709.48
8709.73
8718.30
8718.51
8718.67
8721.04
8721.78
8722.40
8722.42
8724.50
8725.10
8725.23
8725.66
8725.80
8725.95
8726.55
8726.91
8727.59
8728.35
8730.52
8731.70
8731.96
8732.27
8732.47
8733.04
8733.62
8734.24
8734.76
8735.83
8737.35
8738.74
8738.75
8738.78
8738.83
8742.28
8743.14
8743.34
8743.90
8743.90
8744.07
8746.65
8748.22
8751.62
8752.31
8752.35
8753.38
8753.59
8755.80
8756.47
8758.17
8760.47
8760.97
8761.71
8763.20
8763.46
8766.69
8769.48
8770.28
8770.51
8772.22
8772.25
8772.62
8773.19
8773.87
8775.56
8776.01
8777.06
8777.46
8777.96
8779.72
8782.47
8783.51
8783.53
8784.58
8785.69
8786.04
8786.36
8787.21
8787.23
8787.73
8788.07
8789.53
8791.11
8791.24
8791.34
8791.38
8793.04
8794.42
8795.14
8795.21
8796.04
8797.04
8798.27
8799.05
8799.08
8801.43
8802.48
8803.77
8803.79
8805.68
8806.10
8806.33
8806.46
8807.73
8807.76
8808.14
8808.27
8810.69
8810.78
8814.36
8818.69
8820.08
8820.69
8826.39
8826.45
8826.57
8826.62
8827.85
8828.26
8830.47
8830.91
8832.32
8833.04
8834.05
8835.66
8837.41
8839.13
8840.17
8841.05
8842.77
8843.37
8844.01
8844.89
8849.09
8850.55
8850.61
8850.69
8850.86
8851.44
8851.59
8852.03
8852.78
8854.36
8854.62
8855.08
8855.40
8855.66
8856.27
8856.29
8857.22
8857.87
8858.53
8859.47
8859.80
8860.06
8861.30
8862.15
8862.83
8864.00
8864.97
8868.68
8869.99
8874.52
8875.06
8875.33
8877.49
8880.76
8881.24
8881.56
8882.33
8884.38
8886.72
8887.23
8887.67
8887.85
8888.64
8890.93
8893.40
8894.06
8895.36
8895.82
8897.41
8897.92
8899.03
8899.26
8899.54
8899.66
8899.74
8899.98
8902.21
8902.22
8902.52
8902.72
8903.60
8904.05
8905.17
8905.29
8907.13
8908.46
8909.22
8909.58
8909.74
8910.69
8911.30
8913.39
8913.82
8913.83
8914.59
8915.28
8916.03
8916.21
8916.97
8919.08
8919.30
8919.76
8920.54
8922.02
8922.31
8924.55
8925.17
8925.33
8926.84
8928.40
8928.97
8930.11
8930.51
8930.97
8931.80
8932.14
8932.81
8934.30
8936.29
8937.09
8937.13
8939.60
8945.98
8948.95
8949.67
8949.98
8950.33
8950.97
8952.03
8953.37
8953.68
8954.45
8955.20
8956.08
8957.33
8957.59
8958.00
8959.44
8959.90
8960.28
8961.24
8962.38
8963.48
8964.82
8966.93
8967.15
8967.23
8968.37
8968.43
8969.11
8969.50
8969.67
8970.13
8970.64
8970.86
8971.18
8972.48
8972.77
8972.79
8972.86
8977.26
8980.04
8980.70
8981.45
8981.61
8981.64
8983.77
8984.99
8987.43
8987.67
8987.83
8987.98
8988.76
8989.70
8990.88
8991.88
8993.75
8994.31
8995.30
8995.73
8996.85
8997.36
8998.97
8999.54
9000.14
9001.39
9002.57
9002.82
9004.61
9005.59
9008.32
9011.99
9012.73
9013.26
9014.58
9014.79
9015.02
9015.13
9015.64
9017.20
9019.94
9021.16
9021.35
9022.54
9023.66
9024.17
9028.28
9029.00
9029.32
9031.59
9036.82
9037.43
9037.59
9038.99
9040.24
9041.12
9041.55
9041.84
9042.11
9043.22
9045.97
9047.26
9048.43
9048.55
9048.65
9048.93
9049.49
9049.55
9050.22
9053.46
9058.15
9058.38
9058.88
9059.15
9059.66
9062.41
9062.44
9062.87
9065.93
9066.40
9068.28
9068.73
9069.30
9069.58
9070.24
9070.75
9070.92
9071.16
9071.70
9071.88
9072.38
9073.14
9073.28
9073.47
9073.88
9075.60
9075.89
9076.79
9077.62
9077.74
9077.78
9078.53
9079.24
9079.28
9079.71
9080.31
9082.76
9083.17
9084.18
9084.75
9085.82
9086.63
9087.01
9087.12
9087.61
9088.10
9088.17
9088.78
9088.93
9089.25
9090.00
9091.68
9092.41
9092.51
9095.09
9096.26
9096.33
9098.77
9098.99
9100.71
9101.16
9102.75
9103.25
9103.83
9104.16
9105.75
9106.07
9106.25
9107.13
9109.79
9110.18
9112.09
9112.52
9113.58
9114.20
9114.37
9114.95
9116.53
9118.45
9119.03
9119.35
9121.85
9123.08
9123.21
9123.41
9124.77
9125.11
9125.52
9126.80
9126.87
9128.17
9129.37
9129.75
9130.36
9130.45
9131.95
9133.01
9133.90
9136.42
9137.90
9141.55
9144.19
9144.60
9144.88
9144.99
9146.53
9148.01
9150.22
9150.35
9150.36
9150.47
9150.66
9151.50
9151.76
9151.96
9151.97
9152.76
9152.93
9153.55
9153.66
9154.46
9157.97
9158.32
9159.34
9159.93
9160.16
9160.47
9161.01
9161.23
9161.25
9163.98
9164.95
9165.55
9167.60
9168.83
9170.86
9171.38
9171.61
9172.57
9174.53
9174.93
9175.36
9177.11
9177.20
9177.43
9179.36
9179.37
9179.44
9179.65
9181.03
9181.05
9181.50
9182.58
9182.97
9183.23
9183.80
9183.80
9186.37
9190.41
9190.46
9190.62
9190.88
9192.05
9192.20
9193.28
9193.52
9194.62
9195.97
9196.35
9197.04
9201.73
9202.24
9202.27
9202.88
9203.49
9203.54
9204.25
9204.33
9206.13
9207.79
9208.31
9216.63
9217.18
9219.02
9222.27
9225.57
9227.06
9227.21
9227.27
9227.62
9228.53
9230.35
9230.40
9234.05
9235.04
9235.55
9236.89
9237.64
9239.67
9240.65
9241.15
9242.95
9244.83
9245.76
9245.87
9250.33
9250.67
9251.73
9252.20
9256.10
9256.32
9256.65
9258.71
9260.02
9260.52
9260.95
9261.83
9262.34
9263.33
9266.11
9266.42
9267.03
9267.99
9269.82
9270.01
9271.37
9273.55
9274.40
9277.18
9278.24
9279.76
9284.26
9285.65
9285.71
9288.85
9290.62
9291.18
9293.48
9295.11
9295.76
9296.20
9296.83
9296.96
9298.05
9298.17
9300.15
9300.27
9300.42
9301.08
9301.47
9303.50
9303.96
9305.65
9306.34
9307.61
9308.47
9310.78
9310.96
9312.07
9313.45
9314.55
9315.40
9315.72
9316.44
9316.78
9318.63
9318.70
9318.83
9319.29
9320.76
9321.45
9321.97
9322.14
9322.63
9323.13
9323.49
9324.26
9325.00
9326.09
9326.27
9327.94
9329.11
9331.38
9331.38
9332.80
9335.12
9338.68
9339.55
9341.67
9342.01
9344.16
9344.68
9345.96
9346.55
9346.75
9347.44
9347.46
9347.83
9350.78
9351.52
9351.71
9352.12
9352.78
9352.97
9353.92
9355.02
9355.21
9355.63
9358.85
9360.89
9361.40
9361.49
9361.88
9362.76
9362.98
9364.84
9365.04
9366.54
9366.58
9366.65
9367.44
9367.75
9369.26
9370.34
9370.72
9371.37
9374.17
9374.80
9374.91
9376.58
9376.74
9379.25
9381.23
9381.50
9382.24
9382.36
9383.14
9383.23
9383.59
9384.21
9386.00
9386.56
9390.05
9391.53
9392.10
9393.10
9394.30
9395.16
9396.02
9396.76
9396.93
9397.92
9398.60
9398.71
9398.91
9399.64
9399.76
9401.36
9401.80
9403.57
9404.28
9405.85
9406.94
9406.95
9407.72
9408.14
9408.18
9408.88
9410.95
9413.05
9415.00
9415.85
9416.07
9416.08
9417.50
9421.73
9421.78
9422.09
9423.74
9425.50
9426.48
9426.71
9427.65
9427.77
9427.78
9428.09
9429.70
9430.14
9430.16
9430.46
9432.70
9433.15
9433.23
9433.23
9433.37
9434.65
9434.80
9435.11
9435.91
9439.10
9440.35
9440.60
9440.79
9441.27
9442.30
9442.31
9443.25
9443.48
9443.84
9446.84
9447.13
9447.98
9448.55
9449.03
9450.16
9452.01
9452.11
9452.11
9452.77
9453.87
9455.34
9456.53
9457.42
9458.90
9459.29
9459.83
9460.19
9460.47
9460.68
9461.80
9462.14
9463.75
9464.77
9464.79
9464.99
9465.10
9466.79
9467.89
9468.87
9469.09
9470.01
9473.86
9473.97
9474.71
9477.71
9478.48
9478.60
9478.68
9478.82
9478.86
9479.24
9479.37
9481.58
9481.62
9481.86
9481.91
9482.16
9485.14
9485.61
9486.03
9486.18
9487.17
9487.54
9487.94
9487.96
9488.25
9491.68
9491.91
9493.76
9494.25
9495.29
9495.70
9495.73
9495.77
9496.04
9496.16
9498.97
9499.39
9500.74
9505.08
9505.43
9506.35
9506.67
9506.85
9508.03
9508.55
9509.25
9511.64
9512.24
9512.97
9513.77
9516.06
9518.06
9519.94
9521.49
9521.84
9522.41
9524.04
9524.44
9524.55
9526.78
9527.79
9528.04
9528.47
9529.94
9531.03
9532.73
9534.08
9535.00
9535.79
9535.86
9537.19
9538.20
9539.40
9540.51
9540.87
9540.93
9540.98
9546.41
9547.27
9549.59
9550.53
9550.87
9553.18
9553.95
9554.34
9554.73
9556.48
9557.09
9557.97
9558.26
9558.72
9559.64
9559.93
9561.47
9561.88
9562.55
9562.85
9562.93
9567.47
9569.28
9570.43
9571.67
9574.24
9575.69
9575.73
9576.47
9578.69
9578.89
9580.62
9582.37
9582.65
9585.06
9585.27
9585.35
9585.46
9585.96
9587.20
9590.94
9591.80
9592.73
9593.00
9595.01
9595.60
9595.73
9595.74
9596.67
9598.18
9600.78
9601.13
9602.11
9602.40
9604.37
9604.50
9607.54
9607.61
9608.09
9608.71
9609.39
9609.97
9611.99
9612.01
9613.46
9613.93
9614.26
9614.42
9614.47
9615.66
9615.78
9616.09
9617.28
9617.42
9617.76
9618.00
9618.71
9622.17
9622.20
9623.21
9623.73
9626.28
9627.02
9629.15
9630.60
9631.84
9632.14
9632.16
9632.53
9633.93
9634.03
9634.81
9635.34
9635.63
9635.69
9637.15
9637.55
9638.84
9638.94
9640.05
9640.86
9641.50
9641.72
9642.28
9643.11
9643.45
9643.69
9645.54
9646.63
9649.31
9650.71
9651.77
9651.84
9653.30
9653.80
9656.28
9656.77
9657.76
9658.80
9660.55
9661.25
9661.95
9663.89
9664.62
9665.27
9666.19
9666.86
9668.96
9669.35
9669.47
9670.20
9671.91
9673.34
9674.67
9681.56
9681.58
9681.93
9682.18
9683.31
9684.44
9685.07
9687.76
9688.90
9691.52
9693.56
9693.82
9693.97
9694.67
9694.68
9695.16
9695.50
9696.23
9697.92
9699.67
9699.83
9703.61
9704.04
9704.33
9705.75
9705.85
9706.21
9707.91
9708.59
9709.03
9709.42
9709.69
9710.63
9714.29
9716.29
9717.51
9718.16
9718.76
9719.52
9720.53
9721.06
9721.80
9722.21
9723.18
9723.88
9725.53
9727.16
9728.00
9728.73
9729.35
9729.93
9730.11
9731.23
9731.32
9732.60
9732.74
9732.81
9733.60
9737.13
9739.33
9740.99
9741.48
9741.58
9742.44
9742.76
9743.64
9743.71
9744.31
9744.43
9746.16
9746.22
9747.54
9750.04
9755.69
9756.17
9758.69
9758.75
9759.02
9759.09
9759.50
9761.70
9761.89
9762.31
9762.81
9766.49
9768.72
9769.62
9770.53
9771.51
9773.28
9773.51
9773.52
9773.87
9774.07
9774.35
9775.11
9776.32
9777.38
9778.93
9779.67
9779.99
9780.56
9780.85
9781.23
9781.28
9782.44
9783.30
9784.23
9785.50
9785.59
9787.77
9789.71
9790.77
9791.57
9791.73
9794.80
9796.10
9800.50
9800.92
9802.71
9803.00
9803.15
9804.05
9804.30
9809.58
9810.29
9810.35
9810.60
9811.14
9811.14
9811.33
9811.49
9813.31
9814.14
9814.79
9815.00
9815.69
9815.83
9816.24
9816.40
9816.48
9820.11
9820.14
9820.92
9821.73
9823.14
9823.27
9823.27
9824.65
9827.33
9828.23
9829.08
9832.41
9832.60
9832.62
9836.27
9836.65
9837.06
9837.06
9837.81
9837.99
9839.86
9839.98
9840.39
9840.76
9841.32
9842.00
9842.92
9844.03
9844.58
9847.29
9847.59
9847.80
9848.39
9849.01
9849.36
9849.63
9849.95
9850.00
9852.32
9853.24
9854.65
9854.93
9855.69
9856.06
9856.38
9857.17
9857.33
9858.12
9860.26
9862.91
9863.41
9866.06
9866.12
9867.15
9868.00
9868.30
9868.30
9871.52
9872.43
9873.02
9873.85
9874.58
9874.64
9876.76
9878.03
9878.71
9879.85
9880.33
9880.97
9883.33
9883.39
9888.08
9888.27
9888.66
9889.30
9889.38
9889.84
9891.60
9893.38
9894.82
9895.29
9895.40
9895.61
9895.97
9896.03
9896.25
9898.80
9899.44
9900.46
9901.08
9902.31
9902.34
9903.00
9903.04
9903.32
9904.14
9904.98
9907.57
9907.91
9908.65
9908.82
9910.04
9910.11
9910.12
9910.44
9912.45
9912.77
9912.97
9913.34
9913.36
9913.56
9913.63
9913.84
9913.98
9914.36
9915.77
9916.18
9917.29
9917.36
9918.67
9920.67
9922.41
9923.04
9926.28
9926.63
9926.64
9928.77
9930.06
9930.35
9930.44
9931.02
9933.52
9933.57
9933.78
9933.79
9934.62
9935.56
9935.74
9936.56
9938.04
9938.35
9939.71
9940.70
9942.67
9943.95
9946.96
9947.26
9947.35
9947.64
9949.82
9950.12
9951.05
9951.60
9951.81
9951.92
9952.57
9953.24
9955.86
9957.18
9958.82
9959.13
9959.90
9960.88
9961.18
9961.20
